      Assignment         w1         w2         w3   Data Height 

       R3N-H-F2HA    124.615      8.310      4.689            0 
      R3N-H-F2HB2    124.615      8.310      3.124            0 
      R3N-H-F2HB3    124.615      8.310      3.126            0 
          R3N-H-H    124.615      8.310      8.310            0 
         R3N-H-HA    124.615      8.310      4.289            0 
        R3N-H-HB2    124.615      8.310      1.800            0 
        R3N-H-HB3    124.615      8.310      1.697            0 
        R3N-H-HG2    124.615      8.310      1.551            0 
        R3N-H-HG3    124.615      8.310      1.550            0 
        R3N-H-E4H    124.615      8.310      8.514            0 
        E4N-H-R3H    123.225      8.514      8.310            0 
       E4N-H-R3HA    123.225      8.514      4.289            0 
      E4N-H-R3HB2    123.225      8.514      1.800            0 
      E4N-H-R3HB3    123.225      8.514      1.697            0 
          E4N-H-H    123.225      8.514      8.514            0 
         E4N-H-HA    123.225      8.514      4.222            0 
        E4N-H-HB2    123.225      8.514      2.083            0 
        E4N-H-HB3    123.225      8.514      1.972            0 
        E4N-H-HG3    123.225      8.514      2.307            0 
        E4N-H-E5H    123.225      8.514      8.620            0 
        E5N-H-E4H    122.412      8.620      8.514            0 
       E5N-H-E4HA    122.412      8.620      4.222            0 
      E5N-H-E4HB2    122.412      8.620      2.083            0 
      E5N-H-E4HB3    122.412      8.620      1.972            0 
          E5N-H-H    122.412      8.620      8.620            0 
         E5N-H-HA    122.412      8.620      4.313            0 
        E5N-H-HB2    122.412      8.620      2.096            0 
        E5N-H-HB3    122.412      8.620      1.977            0 
        E5N-H-HG2    122.412      8.620      2.310            0 
        E5N-H-HG3    122.412      8.620      2.306            0 
        E5N-H-S6H    122.412      8.620      8.401            0 
        S6N-H-E5H    117.203      8.401      8.620            0 
       S6N-H-E5HA    117.203      8.401      4.313            0 
      S6N-H-E5HB2    117.203      8.401      2.096            0 
      S6N-H-E5HB3    117.203      8.401      1.977            0 
          S6N-H-H    117.203      8.401      8.401            0 
         S6N-H-HA    117.203      8.401      4.458            0 
        S6N-H-HB2    117.203      8.401      3.880            0 
        S6N-H-HB3    117.203      8.401      3.882            0 
        S6N-H-R7H    117.203      8.401      8.390            0 
       R7N-H-E5HA    123.320      8.390      4.313            0 
        R7N-H-S6H    123.320      8.390      8.401            0 
       R7N-H-S6HA    123.320      8.390      4.458            0 
      R7N-H-S6HB2    123.320      8.390      3.880            0 
      R7N-H-S6HB3    123.320      8.390      3.882            0 
          R7N-H-H    123.320      8.390      8.390            0 
         R7N-H-HA    123.320      8.390      4.458            0 
        R7N-H-HB2    123.320      8.390      1.791            0 
        R7N-H-HB3    123.320      8.390      1.924            0 
        R7N-H-HG2    123.320      8.390      1.665            0 
        R7N-H-HG3    123.320      8.390      1.669            0 
        R7N-H-S8H    123.320      8.390      8.513            0 
        S8N-H-R7H    118.300      8.513      8.390            0 
       S8N-H-R7HA    118.300      8.513      4.458            0 
      S8N-H-R7HB2    118.300      8.513      1.791            0 
      S8N-H-R7HB3    118.300      8.513      1.924            0 
          S8N-H-H    118.300      8.513      8.513            0 
         S8N-H-HA    118.300      8.513      4.458            0 
        S8N-H-HB2    118.300      8.513      3.871            0 
        S8N-H-HB3    118.300      8.513      3.874            0 
        S8N-H-V9H    118.300      8.513      8.023            0 
        V9N-H-S8H    122.142      8.023      8.513            0 
       V9N-H-S8HA    122.142      8.023      4.458            0 
      V9N-H-S8HB2    122.142      8.023      3.871            0 
      V9N-H-S8HB3    122.142      8.023      3.874            0 
          V9N-H-H    122.142      8.023      8.023            0 
         V9N-H-HA    122.142      8.023      4.148            0 
         V9N-H-HB    122.142      8.023      1.640            0 
        V9N-H-HG1    122.142      8.023      0.612            0 
        V9N-H-HG2    122.142      8.023      0.806            0 
     V9N-H-P10HD3    122.142      8.023      2.701            0 
      V11N-H-V9HA    107.845      6.202      4.148            0 
      V11N-H-V9HB    107.845      6.202      1.640            0 
     V11N-H-V9HG1    107.845      6.202      0.612            0 
     V11N-H-V9HG2    107.845      6.202      0.806            0 
     V11N-H-P10HA    107.845      6.202      4.359            0 
    V11N-H-P10HB2    107.845      6.202      2.053            0 
    V11N-H-P10HB3    107.845      6.202      1.786            0 
    V11N-H-P10HD2    107.845      6.202      3.560            0 
    V11N-H-P10HD3    107.845      6.202      2.701            0 
    V11N-H-P10HG2    107.845      6.202      2.143            0 
    V11N-H-P10HG3    107.845      6.202      1.531            0 
         V11N-H-H    107.845      6.202      6.202            0 
        V11N-H-HA    107.845      6.202      4.845            0 
        V11N-H-HB    107.845      6.202      1.829            0 
       V11N-H-HG1    107.845      6.202      0.367            0 
       V11N-H-HG2    107.845      6.202      0.451            0 
      V11N-H-E12H    107.845      6.202      7.943            0 
    V11N-H-V57HG1    107.845      6.202      0.979            0 
      E12N-H-V11H    118.615      7.943      6.202            0 
     E12N-H-V11HA    118.615      7.943      4.845            0 
     E12N-H-V11HB    118.615      7.943      1.829            0 
    E12N-H-V11HG1    118.615      7.943      0.367            0 
    E12N-H-V11HG2    118.615      7.943      0.451            0 
         E12N-H-H    118.615      7.943      7.943            0 
        E12N-H-HA    118.615      7.943      4.524            0 
       E12N-H-HB2    118.615      7.943      1.722            0 
       E12N-H-HB3    118.615      7.943      1.970            0 
       E12N-H-HG2    118.615      7.943      2.203            0 
       E12N-H-HG3    118.615      7.943      2.200            0 
      E12N-H-E13H    118.615      7.943      8.852            0 
    E12N-H-E15HB2    118.615      7.943      2.307            0 
    E12N-H-E15HB3    118.615      7.943      1.868            0 
    E12N-H-E15HG3    118.615      7.943      2.077            0 
     E12N-H-V54HB    118.615      7.943      2.525            0 
    E12N-H-V54HG1    118.615      7.943      0.794            0 
    E12N-H-V54HG2    118.615      7.943      1.025            0 
      E13N-H-E12H    121.932      8.852      7.943            0 
     E13N-H-E12HA    121.932      8.852      4.524            0 
    E13N-H-E12HB2    121.932      8.852      1.722            0 
    E13N-H-E12HB3    121.932      8.852      1.970            0 
         E13N-H-H    121.932      8.852      8.852            0 
        E13N-H-HA    121.932      8.852      3.612            0 
       E13N-H-HB2    121.932      8.852      1.991            0 
       E13N-H-HB3    121.932      8.852      1.973            0 
       E13N-H-HG2    121.932      8.852      2.403            0 
       E13N-H-HG3    121.932      8.852      2.156            0 
      E13N-H-G14H    121.932      8.852      9.262            0 
    E13N-H-V57HG1    121.932      8.852      0.979            0 
    E13N-H-V57HG2    121.932      8.852      0.811            0 
      G14N-H-E13H    113.295      9.262      8.852            0 
     G14N-H-E13HA    113.295      9.262      3.612            0 
    G14N-H-E13HB2    113.295      9.262      1.991            0 
    G14N-H-E13HB3    113.295      9.262      1.973            0 
         G14N-H-H    113.295      9.262      9.262            0 
       G14N-H-HA2    113.295      9.262      4.436            0 
       G14N-H-HA3    113.295      9.262      3.573            0 
      G14N-H-E15H    113.295      9.262      7.554            0 
    G14N-H-E15HB2    113.295      9.262      2.307            0 
      G14N-H-V54H    113.295      9.262      8.923            0 
     G14N-H-V54HA    113.295      9.262      3.822            0 
     G14N-H-V54HB    113.295      9.262      2.525            0 
    G14N-H-V54HG1    113.295      9.262      0.794            0 
      G14N-H-E55H    113.295      9.262      9.492            0 
     G14N-H-E55HA    113.295      9.262      4.685            0 
     E15N-H-E13HA    120.190      7.554      3.612            0 
      E15N-H-G14H    120.190      7.554      9.262            0 
    E15N-H-G14HA2    120.190      7.554      4.436            0 
    E15N-H-G14HA3    120.190      7.554      3.573            0 
         E15N-H-H    120.190      7.554      7.554            0 
        E15N-H-HA    120.190      7.554      4.322            0 
       E15N-H-HB2    120.190      7.554      2.307            0 
       E15N-H-HB3    120.190      7.554      1.868            0 
       E15N-H-HG2    120.190      7.554      2.312            0 
       E15N-H-HG3    120.190      7.554      2.077            0 
      E15N-H-V16H    120.190      7.554      7.843            0 
     E15N-H-K53HA    120.190      7.554      5.207            0 
    E15N-H-K53HG3    120.190      7.554      1.051            0 
      E15N-H-V54H    120.190      7.554      8.923            0 
     E15N-H-V54HB    120.190      7.554      2.525            0 
    E15N-H-V54HG1    120.190      7.554      0.794            0 
    E15N-H-V54HG2    120.190      7.554      1.025            0 
     E15N-H-E55HA    120.190      7.554      4.685            0 
      V16N-H-E15H    118.532      7.843      7.554            0 
     V16N-H-E15HA    118.532      7.843      4.322            0 
    V16N-H-E15HB2    118.532      7.843      2.307            0 
    V16N-H-E15HB3    118.532      7.843      1.868            0 
    V16N-H-E15HG2    118.532      7.843      2.312            0 
         V16N-H-H    118.532      7.843      7.843            0 
        V16N-H-HA    118.532      7.843      5.556            0 
        V16N-H-HB    118.532      7.843      1.705            0 
       V16N-H-HG1    118.532      7.843      0.844            0 
       V16N-H-HG2    118.532      7.843      0.843            0 
      V16N-H-Y17H    118.532      7.843      8.766            0 
     V16N-H-K53HA    118.532      7.843      5.207            0 
      V16N-H-V54H    118.532      7.843      8.923            0 
      Y17N-H-V16H    121.802      8.766      7.843            0 
     Y17N-H-V16HA    121.802      8.766      5.556            0 
     Y17N-H-V16HB    121.802      8.766      1.705            0 
    Y17N-H-V16HG1    121.802      8.766      0.844            0 
    Y17N-H-V16HG2    121.802      8.766      0.843            0 
         Y17N-H-H    121.802      8.766      8.766            0 
        Y17N-H-HA    121.802      8.766      4.752            0 
       Y17N-H-HB2    121.802      8.766      2.993            0 
       Y17N-H-HB3    121.802      8.766      2.210            0 
      Y17N-H-D18H    121.802      8.766      8.779            0 
     Y17N-H-D18HA    121.802      8.766      5.510            0 
    Y17N-H-V19HG1    121.802      8.766      0.756            0 
     Y17N-H-R51HA    121.802      8.766      5.403            0 
      Y17N-H-I52H    121.802      8.766      9.502            0 
    Y17N-H-I52HD1    121.802      8.766      0.619            0 
   Y17N-H-I52HG13    121.802      8.766      1.741            0 
     Y17N-H-K53HA    121.802      8.766      5.207            0 
      Y17N-H-V54H    121.802      8.766      8.923            0 
    Y17N-H-V54HG2    121.802      8.766      1.025            0 
      D18N-H-Y17H    122.928      8.779      8.766            0 
     D18N-H-Y17HA    122.928      8.779      4.752            0 
    D18N-H-Y17HB2    122.928      8.779      2.993            0 
    D18N-H-Y17HB3    122.928      8.779      2.210            0 
         D18N-H-H    122.928      8.779      8.779            0 
        D18N-H-HA    122.928      8.779      5.510            0 
       D18N-H-HB2    122.928      8.779      2.638            0 
       D18N-H-HB3    122.928      8.779      2.576            0 
      D18N-H-V19H    122.928      8.779      9.040            0 
    D18N-H-V19HG1    122.928      8.779      0.756            0 
     D18N-H-R51HA    122.928      8.779      5.403            0 
      V19N-H-D18H    115.509      9.040      8.779            0 
     V19N-H-D18HA    115.509      9.040      5.510            0 
    V19N-H-D18HB2    115.509      9.040      2.638            0 
    V19N-H-D18HB3    115.509      9.040      2.576            0 
         V19N-H-H    115.509      9.040      9.040            0 
        V19N-H-HA    115.509      9.040      5.016            0 
        V19N-H-HB    115.509      9.040      2.202            0 
       V19N-H-HG1    115.509      9.040      0.756            0 
       V19N-H-HG2    115.509      9.040      0.646            0 
      V19N-H-T20H    115.509      9.040      8.130            0 
     V19N-H-E49HA    115.509      9.040      5.101            0 
      V19N-H-V50H    115.509      9.040      8.516            0 
    V19N-H-V50HG2    115.509      9.040      0.761            0 
      V19N-H-R51H    115.509      9.040      8.683            0 
     V19N-H-R51HA    115.509      9.040      5.403            0 
      V19N-H-I52H    115.509      9.040      9.502            0 
   V19N-H-I52HG12    115.509      9.040      1.193            0 
    V19N-H-I52HG2    115.509      9.040      0.756            0 
      T20N-H-V19H    116.340      8.130      9.040            0 
     T20N-H-V19HA    116.340      8.130      5.016            0 
     T20N-H-V19HB    116.340      8.130      2.202            0 
    T20N-H-V19HG1    116.340      8.130      0.756            0 
    T20N-H-V19HG2    116.340      8.130      0.646            0 
         T20N-H-H    116.340      8.130      8.130            0 
        T20N-H-HA    116.340      8.130      5.354            0 
        T20N-H-HB    116.340      8.130      3.905            0 
       T20N-H-HG2    116.340      8.130      1.110            0 
      T20N-H-I21H    116.340      8.130      9.022            0 
     T20N-H-A32HB    116.340      8.130      1.180            0 
     T20N-H-E49HA    116.340      8.130      5.101            0 
    I21N-H-V19HG2    127.525      9.022      0.646            0 
      I21N-H-T20H    127.525      9.022      8.130            0 
     I21N-H-T20HA    127.525      9.022      5.354            0 
     I21N-H-T20HB    127.525      9.022      3.905            0 
    I21N-H-T20HG2    127.525      9.022      1.110            0 
         I21N-H-H    127.525      9.022      9.022            0 
        I21N-H-HA    127.525      9.022      4.082            0 
        I21N-H-HB    127.525      9.022      2.522            0 
       I21N-H-HD1    127.525      9.022      0.519            0 
      I21N-H-HG12    127.525      9.022      1.833            0 
      I21N-H-HG13    127.525      9.022      1.494            0 
       I21N-H-HG2    127.525      9.022      0.879            0 
      I21N-H-Q22H    127.525      9.022      9.099            0 
      I21N-H-G47H    127.525      9.022      8.892            0 
    I21N-H-G47HA2    127.525      9.022      4.499            0 
      I21N-H-D48H    127.525      9.022      8.160            0 
     I21N-H-D48HA    127.525      9.022      4.528            0 
    I21N-H-D48HB3    127.525      9.022      2.489            0 
      I21N-H-E49H    127.525      9.022      8.561            0 
     I21N-H-E49HA    127.525      9.022      5.101            0 
      I21N-H-V50H    127.525      9.022      8.516            0 
    I21N-H-V50HG2    127.525      9.022      0.761            0 
    Q22N-H-T20HG2    128.004      9.099      1.110            0 
      Q22N-H-I21H    128.004      9.099      9.022            0 
     Q22N-H-I21HA    128.004      9.099      4.082            0 
     Q22N-H-I21HB    128.004      9.099      2.522            0 
    Q22N-H-I21HD1    128.004      9.099      0.519            0 
    Q22N-H-I21HG2    128.004      9.099      0.879            0 
         Q22N-H-H    128.004      9.099      9.099            0 
        Q22N-H-HA    128.004      9.099      4.579            0 
       Q22N-H-HB2    128.004      9.099      2.232            0 
       Q22N-H-HB3    128.004      9.099      1.895            0 
       Q22N-H-HG2    128.004      9.099      2.497            0 
       Q22N-H-HG3    128.004      9.099      2.481            0 
      Q22N-H-D23H    128.004      9.099      7.946            0 
      Q22N-H-I31H    128.004      9.099      8.493            0 
     Q22N-H-A32HA    128.004      9.099      4.834            0 
     Q22N-H-A32HB    128.004      9.099      1.180            0 
   Q22NE2-HE21-HA    112.303      7.640      4.579            0 
  Q22NE2-HE21-HB2    112.303      7.640      2.232            0 
  Q22NE2-HE21-HB3    112.303      7.640      1.895            0 
 Q22NE2-HE21-HE21    112.303      7.640      7.640            0 
 Q22NE2-HE21-HE22    112.303      7.640      7.011            0 
  Q22NE2-HE21-HG2    112.303      7.640      2.497            0 
  Q22NE2-HE21-HG3    112.303      7.640      2.481            0 
 Q22NE2-HE22-HE21    112.303      7.011      7.640            0 
 Q22NE2-HE22-HE22    112.303      7.011      7.011            0 
  Q22NE2-HE22-HG2    112.303      7.011      2.497            0 
  Q22NE2-HE22-HG3    112.303      7.011      2.481            0 
     D23N-H-I21HA    118.006      7.946      4.082            0 
    D23N-H-I21HD1    118.006      7.946      0.519            0 
    D23N-H-I21HG2    118.006      7.946      0.879            0 
      D23N-H-Q22H    118.006      7.946      9.099            0 
     D23N-H-Q22HA    118.006      7.946      4.579            0 
    D23N-H-Q22HB2    118.006      7.946      2.232            0 
    D23N-H-Q22HB3    118.006      7.946      1.895            0 
         D23N-H-H    118.006      7.946      7.946            0 
        D23N-H-HA    118.006      7.946      4.859            0 
       D23N-H-HB2    118.006      7.946      2.521            0 
       D23N-H-HB3    118.006      7.946      2.514            0 
      D23N-H-I24H    118.006      7.946      8.982            0 
     D23N-H-I24HA    118.006      7.946      4.740            0 
      D23N-H-I31H    118.006      7.946      8.493            0 
     D23N-H-I31HB    118.006      7.946      1.269            0 
    D23N-H-I31HG2    118.006      7.946      0.661            0 
     D23N-H-A32HA    118.006      7.946      4.834            0 
    D23N-H-V46HG1    118.006      7.946      0.888            0 
    D23N-H-V46HG2    118.006      7.946      0.921            0 
    I24N-H-I21HG2    120.052      8.982      0.879            0 
      I24N-H-D23H    120.052      8.982      7.946            0 
     I24N-H-D23HA    120.052      8.982      4.859            0 
    I24N-H-D23HB2    120.052      8.982      2.521            0 
    I24N-H-D23HB3    120.052      8.982      2.514            0 
         I24N-H-H    120.052      8.982      8.982            0 
        I24N-H-HA    120.052      8.982      4.740            0 
        I24N-H-HB    120.052      8.982      1.807            0 
       I24N-H-HD1    120.052      8.982      0.861            0 
      I24N-H-HG12    120.052      8.982      1.372            0 
      I24N-H-HG13    120.052      8.982      1.432            0 
       I24N-H-HG2    120.052      8.982      0.958            0 
      I24N-H-A25H    120.052      8.982      9.282            0 
     I24N-H-A25HA    120.052      8.982      4.467            0 
      I24N-H-I31H    120.052      8.982      8.493            0 
     I24N-H-I31HB    120.052      8.982      1.269            0 
   I24N-H-I31HG13    120.052      8.982      0.830            0 
    I24N-H-V46HG2    120.052      8.982      0.921            0 
      A25N-H-I24H    129.385      9.282      8.982            0 
     A25N-H-I24HA    129.385      9.282      4.740            0 
     A25N-H-I24HB    129.385      9.282      1.807            0 
    A25N-H-I24HD1    129.385      9.282      0.861            0 
    A25N-H-I24HG2    129.385      9.282      0.958            0 
         A25N-H-H    129.385      9.282      9.282            0 
        A25N-H-HA    129.385      9.282      4.467            0 
        A25N-H-HB    129.385      9.282      1.505            0 
      A25N-H-D29H    129.385      9.282      7.414            0 
    A25N-H-D29HB2    129.385      9.282      2.609            0 
    A25N-H-G30HA2    129.385      9.282      3.938            0 
      A25N-H-I31H    129.385      9.282      8.493            0 
    A25N-H-I31HD1    129.385      9.282      0.726            0 
   A25N-H-I31HG12    129.385      9.282      1.575            0 
   A25N-H-I31HG13    129.385      9.282      0.830            0 
     Q27N-H-R26HA    113.454      8.182      4.046            0 
    Q27N-H-R26HB2    113.454      8.182      1.939            0 
    Q27N-H-R26HB3    113.454      8.182      1.844            0 
         Q27N-H-H    113.454      8.182      8.182            0 
        Q27N-H-HA    113.454      8.182      4.470            0 
       Q27N-H-HB2    113.454      8.182      2.120            0 
       Q27N-H-HB3    113.454      8.182      2.125            0 
       Q27N-H-HG3    113.454      8.182      2.328            0 
      Q27N-H-G28H    113.454      8.182      7.832            0 
      Q27N-H-D29H    113.454      8.182      7.414            0 
  Q27NE2-HE21-HB2    110.425      7.530      2.120            0 
  Q27NE2-HE21-HB3    110.425      7.530      2.125            0 
 Q27NE2-HE21-HE21    110.425      7.530      7.530            0 
 Q27NE2-HE21-HE22    110.425      7.530      5.790            0 
  Q27NE2-HE21-HG2    110.425      7.530      2.328            0 
  Q27NE2-HE21-HG3    110.425      7.530      2.328            0 
  Q27NE2-HE22-HB3    110.425      5.790      2.125            0 
 Q27NE2-HE22-HE21    110.425      5.790      7.530            0 
 Q27NE2-HE22-HE22    110.425      5.790      5.790            0 
  Q27NE2-HE22-HG2    110.425      5.790      2.328            0 
  Q27NE2-HE22-HG3    110.425      5.790      2.328            0 
    G28N-H-I24HG2    107.213      7.832      0.958            0 
     G28N-H-A25HB    107.213      7.832      1.505            0 
     G28N-H-R26HA    107.213      7.832      4.046            0 
      G28N-H-Q27H    107.213      7.832      8.182            0 
     G28N-H-Q27HA    107.213      7.832      4.470            0 
    G28N-H-Q27HB2    107.213      7.832      2.120            0 
    G28N-H-Q27HB3    107.213      7.832      2.125            0 
         G28N-H-H    107.213      7.832      7.832            0 
       G28N-H-HA2    107.213      7.832      4.476            0 
       G28N-H-HA3    107.213      7.832      3.525            0 
      G28N-H-D29H    107.213      7.832      7.414            0 
    G28N-H-D29HB2    107.213      7.832      2.609            0 
    D29N-H-I24HG2    120.640      7.414      0.958            0 
      D29N-H-A25H    120.640      7.414      9.282            0 
     D29N-H-A25HB    120.640      7.414      1.505            0 
      D29N-H-Q27H    120.640      7.414      8.182            0 
    D29N-H-Q27HB3    120.640      7.414      2.125            0 
      D29N-H-G28H    120.640      7.414      7.832            0 
    D29N-H-G28HA2    120.640      7.414      4.476            0 
    D29N-H-G28HA3    120.640      7.414      3.525            0 
         D29N-H-H    120.640      7.414      7.414            0 
        D29N-H-HA    120.640      7.414      4.674            0 
       D29N-H-HB2    120.640      7.414      2.609            0 
       D29N-H-HB3    120.640      7.414      2.337            0 
      D29N-H-G30H    120.640      7.414      7.725            0 
    G30N-H-I21HD1    109.205      7.725      0.519            0 
    G30N-H-I21HG2    109.205      7.725      0.879            0 
    G30N-H-I24HD1    109.205      7.725      0.861            0 
      G30N-H-D29H    109.205      7.725      7.414            0 
     G30N-H-D29HA    109.205      7.725      4.674            0 
    G30N-H-D29HB2    109.205      7.725      2.609            0 
    G30N-H-D29HB3    109.205      7.725      2.337            0 
         G30N-H-H    109.205      7.725      7.725            0 
       G30N-H-HA2    109.205      7.725      3.938            0 
       G30N-H-HA3    109.205      7.725      4.258            0 
      G30N-H-I31H    109.205      7.725      8.493            0 
      G30N-H-V41H    109.205      7.725      9.572            0 
     G30N-H-V41HB    109.205      7.725      2.017            0 
    G30N-H-V41HG1    109.205      7.725      0.750            0 
     G30N-H-P42HA    109.205      7.725      4.636            0 
      G30N-H-G43H    109.205      7.725      8.826            0 
      G30N-H-T44H    109.205      7.725      7.497            0 
    G30N-H-T44HG2    109.205      7.725      1.101            0 
     I31N-H-I21HA    120.622      8.493      4.082            0 
    I31N-H-I21HD1    120.622      8.493      0.519            0 
    I31N-H-I21HG2    120.622      8.493      0.879            0 
      I31N-H-Q22H    120.622      8.493      9.099            0 
      I31N-H-D23H    120.622      8.493      7.946            0 
     I31N-H-D23HA    120.622      8.493      4.859            0 
    I31N-H-D23HB3    120.622      8.493      2.514            0 
      I31N-H-I24H    120.622      8.493      8.982            0 
     I31N-H-I24HA    120.622      8.493      4.740            0 
    I31N-H-I24HD1    120.622      8.493      0.861            0 
   I31N-H-I24HG12    120.622      8.493      1.372            0 
      I31N-H-A25H    120.622      8.493      9.282            0 
      I31N-H-G30H    120.622      8.493      7.725            0 
    I31N-H-G30HA2    120.622      8.493      3.938            0 
    I31N-H-G30HA3    120.622      8.493      4.258            0 
         I31N-H-H    120.622      8.493      8.493            0 
        I31N-H-HA    120.622      8.493      4.832            0 
        I31N-H-HB    120.622      8.493      1.269            0 
       I31N-H-HD1    120.622      8.493      0.726            0 
      I31N-H-HG12    120.622      8.493      1.575            0 
      I31N-H-HG13    120.622      8.493      0.830            0 
       I31N-H-HG2    120.622      8.493      0.661            0 
      I31N-H-A32H    120.622      8.493      9.237            0 
    A32N-H-I21HD1    130.615      9.237      0.519            0 
    A32N-H-I21HG2    130.615      9.237      0.879            0 
      A32N-H-I31H    130.615      9.237      8.493            0 
     A32N-H-I31HA    130.615      9.237      4.832            0 
     A32N-H-I31HB    130.615      9.237      1.269            0 
    A32N-H-I31HG2    130.615      9.237      0.661            0 
         A32N-H-H    130.615      9.237      9.237            0 
        A32N-H-HA    130.615      9.237      4.834            0 
        A32N-H-HB    130.615      9.237      1.180            0 
      A32N-H-R33H    130.615      9.237      8.710            0 
      A32N-H-I39H    130.615      9.237      8.634            0 
     A32N-H-I39HB    130.615      9.237      1.495            0 
    A32N-H-I39HG2    130.615      9.237      0.601            0 
     A32N-H-F40HA    130.615      9.237      5.363            0 
      A32N-H-V41H    130.615      9.237      9.572            0 
    A32N-H-V41HG2    130.615      9.237      0.690            0 
    R33N-H-Q22HB2    116.951      8.710      2.232            0 
    R33N-H-I31HG2    116.951      8.710      0.661            0 
      R33N-H-A32H    116.951      8.710      9.237            0 
     R33N-H-A32HA    116.951      8.710      4.834            0 
     R33N-H-A32HB    116.951      8.710      1.180            0 
         R33N-H-H    116.951      8.710      8.710            0 
        R33N-H-HA    116.951      8.710      5.391            0 
       R33N-H-HB2    116.951      8.710      1.570            0 
       R33N-H-HB3    116.951      8.710      1.141            0 
       R33N-H-HG2    116.951      8.710      1.335            0 
       R33N-H-HG3    116.951      8.710      1.132            0 
      R33N-H-I34H    116.951      8.710      8.207            0 
      R33N-H-I39H    116.951      8.710      8.634            0 
      I34N-H-R33H    122.922      8.207      8.710            0 
     I34N-H-R33HA    122.922      8.207      5.391            0 
    I34N-H-R33HB2    122.922      8.207      1.570            0 
    I34N-H-R33HB3    122.922      8.207      1.141            0 
    I34N-H-R33HG3    122.922      8.207      1.132            0 
         I34N-H-H    122.922      8.207      8.207            0 
        I34N-H-HA    122.922      8.207      4.127            0 
        I34N-H-HB    122.922      8.207      1.278            0 
       I34N-H-HD1    122.922      8.207      0.168            0 
      I34N-H-HG12    122.922      8.207      1.022            0 
      I34N-H-HG13    122.922      8.207      0.855            0 
       I34N-H-HG2    122.922      8.207      0.634            0 
      I34N-H-E35H    122.922      8.207      9.387            0 
      I34N-H-G36H    122.922      8.207      8.456            0 
      I34N-H-F37H    122.922      8.207      8.322            0 
    I34N-H-F37HB2    122.922      8.207      3.215            0 
    I34N-H-F37HB3    122.922      8.207      2.853            0 
    I34N-H-F37HD2    122.922      8.207      7.022            0 
     I34N-H-V38HA    122.922      8.207      3.554            0 
      I34N-H-I39H    122.922      8.207      8.634            0 
    I34N-H-I39HD1    122.922      8.207      0.601            0 
   I34N-H-I39HG13    122.922      8.207      0.956            0 
      E35N-H-I34H    126.123      9.387      8.207            0 
     E35N-H-I34HA    126.123      9.387      4.127            0 
     E35N-H-I34HB    126.123      9.387      1.278            0 
   E35N-H-I34HG12    126.123      9.387      1.022            0 
    E35N-H-I34HG2    126.123      9.387      0.634            0 
         E35N-H-H    126.123      9.387      9.387            0 
        E35N-H-HA    126.123      9.387      3.845            0 
       E35N-H-HB2    126.123      9.387      2.257            0 
       E35N-H-HB3    126.123      9.387      1.976            0 
       E35N-H-HG2    126.123      9.387      2.305            0 
       E35N-H-HG3    126.123      9.387      2.249            0 
      E35N-H-G36H    126.123      9.387      8.456            0 
      E35N-H-F37H    126.123      9.387      8.322            0 
    G36N-H-R33HB2    103.777      8.456      1.570            0 
    G36N-H-R33HG3    103.777      8.456      1.132            0 
      G36N-H-I34H    103.777      8.456      8.207            0 
     G36N-H-I34HA    103.777      8.456      4.127            0 
    G36N-H-I34HG2    103.777      8.456      0.634            0 
      G36N-H-E35H    103.777      8.456      9.387            0 
     G36N-H-E35HA    103.777      8.456      3.845            0 
    G36N-H-E35HB2    103.777      8.456      2.257            0 
    G36N-H-E35HB3    103.777      8.456      1.976            0 
         G36N-H-H    103.777      8.456      8.456            0 
       G36N-H-HA2    103.777      8.456      4.257            0 
       G36N-H-HA3    103.777      8.456      3.517            0 
      G36N-H-F37H    103.777      8.456      8.322            0 
     F37N-H-R33HA    126.940      8.322      5.391            0 
      F37N-H-I34H    126.940      8.322      8.207            0 
     F37N-H-I34HA    126.940      8.322      4.127            0 
     F37N-H-I34HB    126.940      8.322      1.278            0 
    F37N-H-I34HG2    126.940      8.322      0.634            0 
      F37N-H-E35H    126.940      8.322      9.387            0 
     F37N-H-E35HA    126.940      8.322      3.845            0 
    F37N-H-E35HB2    126.940      8.322      2.257            0 
    F37N-H-E35HB3    126.940      8.322      1.976            0 
      F37N-H-G36H    126.940      8.322      8.456            0 
    F37N-H-G36HA2    126.940      8.322      4.257            0 
    F37N-H-G36HA3    126.940      8.322      3.517            0 
         F37N-H-H    126.940      8.322      8.322            0 
        F37N-H-HA    126.940      8.322      4.550            0 
       F37N-H-HB2    126.940      8.322      3.215            0 
       F37N-H-HB3    126.940      8.322      2.853            0 
       F37N-H-HD1    126.940      8.322      7.022            0 
       F37N-H-HD2    126.940      8.322      7.022            0 
      F37N-H-V38H    126.940      8.322      7.590            0 
     V38N-H-R33HA    128.609      7.590      5.391            0 
      V38N-H-F37H    128.609      7.590      8.322            0 
     V38N-H-F37HA    128.609      7.590      4.550            0 
    V38N-H-F37HB2    128.609      7.590      3.215            0 
    V38N-H-F37HB3    128.609      7.590      2.853            0 
    V38N-H-F37HD1    128.609      7.590      7.022            0 
         V38N-H-H    128.609      7.590      7.590            0 
        V38N-H-HA    128.609      7.590      3.554            0 
        V38N-H-HB    128.609      7.590      1.534            0 
       V38N-H-HG1    128.609      7.590      0.082            0 
       V38N-H-HG2    128.609      7.590      0.834            0 
      V38N-H-I39H    128.609      7.590      8.634            0 
     V38N-H-F61HA    128.609      7.590      4.182            0 
     I39N-H-I31HA    125.811      8.634      4.832            0 
    I39N-H-I31HG2    125.811      8.634      0.661            0 
      I39N-H-A32H    125.811      8.634      9.237            0 
     I39N-H-A32HA    125.811      8.634      4.834            0 
     I39N-H-A32HB    125.811      8.634      1.180            0 
      I39N-H-R33H    125.811      8.634      8.710            0 
     I39N-H-R33HA    125.811      8.634      5.391            0 
      I39N-H-I34H    125.811      8.634      8.207            0 
      I39N-H-V38H    125.811      8.634      7.590            0 
     I39N-H-V38HA    125.811      8.634      3.554            0 
     I39N-H-V38HB    125.811      8.634      1.534            0 
    I39N-H-V38HG1    125.811      8.634      0.082            0 
    I39N-H-V38HG2    125.811      8.634      0.834            0 
         I39N-H-H    125.811      8.634      8.634            0 
        I39N-H-HA    125.811      8.634      4.286            0 
        I39N-H-HB    125.811      8.634      1.495            0 
       I39N-H-HD1    125.811      8.634      0.601            0 
      I39N-H-HG12    125.811      8.634      1.462            0 
      I39N-H-HG13    125.811      8.634      0.956            0 
       I39N-H-HG2    125.811      8.634      0.601            0 
      I39N-H-F40H    125.811      8.634      8.844            0 
     I39N-H-F40HA    125.811      8.634      5.363            0 
      I39N-H-A62H    125.811      8.634      8.617            0 
    F40N-H-V38HG1    125.593      8.844      0.082            0 
      F40N-H-I39H    125.593      8.844      8.634            0 
     F40N-H-I39HA    125.593      8.844      4.286            0 
     F40N-H-I39HB    125.593      8.844      1.495            0 
   F40N-H-I39HG12    125.593      8.844      1.462            0 
    F40N-H-I39HG2    125.593      8.844      0.601            0 
         F40N-H-H    125.593      8.844      8.844            0 
        F40N-H-HA    125.593      8.844      5.363            0 
       F40N-H-HB2    125.593      8.844      3.116            0 
       F40N-H-HB3    125.593      8.844      2.744            0 
       F40N-H-HD1    125.593      8.844      6.560            0 
      F40N-H-V41H    125.593      8.844      9.572            0 
    F40N-H-V41HG2    125.593      8.844      0.690            0 
    F40N-H-F61HB2    125.593      8.844      3.041            0 
      F40N-H-A62H    125.593      8.844      8.617            0 
     F40N-H-A62HB    125.593      8.844      1.673            0 
     F40N-H-F63HA    125.593      8.844      5.502            0 
      F40N-H-A64H    125.593      8.844      9.151            0 
     F40N-H-A64HB    125.593      8.844      1.381            0 
    V41N-H-I21HD1    122.210      9.572      0.519            0 
    V41N-H-D29HB3    122.210      9.572      2.337            0 
      V41N-H-G30H    122.210      9.572      7.725            0 
    V41N-H-G30HA2    122.210      9.572      3.938            0 
    V41N-H-G30HA3    122.210      9.572      4.258            0 
     V41N-H-I31HA    122.210      9.572      4.832            0 
      V41N-H-A32H    122.210      9.572      9.237            0 
    V41N-H-I39HG2    122.210      9.572      0.601            0 
      V41N-H-F40H    122.210      9.572      8.844            0 
     V41N-H-F40HA    122.210      9.572      5.363            0 
    V41N-H-F40HB2    122.210      9.572      3.116            0 
    V41N-H-F40HB3    122.210      9.572      2.744            0 
         V41N-H-H    122.210      9.572      9.572            0 
        V41N-H-HA    122.210      9.572      4.892            0 
        V41N-H-HB    122.210      9.572      2.017            0 
       V41N-H-HG1    122.210      9.572      0.750            0 
       V41N-H-HG2    122.210      9.572      0.690            0 
     V41N-H-P42HA    122.210      9.572      4.636            0 
    V41N-H-P42HD3    122.210      9.572      4.269            0 
     G43N-H-D29HA    109.439      8.826      4.674            0 
      G43N-H-G30H    109.439      8.826      7.725            0 
     G43N-H-P42HA    109.439      8.826      4.636            0 
    G43N-H-P42HB2    109.439      8.826      2.524            0 
    G43N-H-P42HB3    109.439      8.826      1.980            0 
         G43N-H-H    109.439      8.826      8.826            0 
       G43N-H-HA2    109.439      8.826      4.142            0 
       G43N-H-HA3    109.439      8.826      3.935            0 
      G43N-H-T44H    109.439      8.826      7.497            0 
    G43N-H-T44HG2    109.439      8.826      1.101            0 
    T44N-H-I21HG2    107.233      7.497      0.879            0 
    T44N-H-I24HD1    107.233      7.497      0.861            0 
     T44N-H-D29HA    107.233      7.497      4.674            0 
      T44N-H-G30H    107.233      7.497      7.725            0 
    T44N-H-G30HA2    107.233      7.497      3.938            0 
    T44N-H-G30HA3    107.233      7.497      4.258            0 
    T44N-H-V41HG1    107.233      7.497      0.750            0 
     T44N-H-P42HA    107.233      7.497      4.636            0 
      T44N-H-G43H    107.233      7.497      8.826            0 
    T44N-H-G43HA2    107.233      7.497      4.142            0 
    T44N-H-G43HA3    107.233      7.497      3.935            0 
         T44N-H-H    107.233      7.497      7.497            0 
        T44N-H-HA    107.233      7.497      4.713            0 
        T44N-H-HB    107.233      7.497      4.365            0 
       T44N-H-HG2    107.233      7.497      1.101            0 
      T44N-H-K45H    107.233      7.497      8.801            0 
   K45N-H-I21HG13    119.110      8.801      1.494            0 
    K45N-H-I21HG2    119.110      8.801      0.879            0 
    K45N-H-I24HD1    119.110      8.801      0.861            0 
      K45N-H-T44H    119.110      8.801      7.497            0 
     K45N-H-T44HA    119.110      8.801      4.713            0 
     K45N-H-T44HB    119.110      8.801      4.365            0 
    K45N-H-T44HG2    119.110      8.801      1.101            0 
         K45N-H-H    119.110      8.801      8.801            0 
        K45N-H-HA    119.110      8.801      4.650            0 
       K45N-H-HB2    119.110      8.801      1.833            0 
       K45N-H-HB3    119.110      8.801      1.755            0 
       K45N-H-HG2    119.110      8.801      1.523            0 
       K45N-H-HG3    119.110      8.801      1.308            0 
      K45N-H-V46H    119.110      8.801      8.229            0 
      K45N-H-D48H    119.110      8.801      8.160            0 
    K45N-H-D48HB2    119.110      8.801      2.872            0 
    K45N-H-D48HB3    119.110      8.801      2.489            0 
    V46N-H-I21HG2    119.518      8.229      0.879            0 
    V46N-H-I24HD1    119.518      8.229      0.861            0 
   V46N-H-I24HG13    119.518      8.229      1.432            0 
      V46N-H-K45H    119.518      8.229      8.801            0 
     V46N-H-K45HA    119.518      8.229      4.650            0 
    V46N-H-K45HB2    119.518      8.229      1.833            0 
    V46N-H-K45HB3    119.518      8.229      1.755            0 
    V46N-H-K45HD2    119.518      8.229      1.702            0 
    V46N-H-K45HD3    119.518      8.229      1.704            0 
    V46N-H-K45HG2    119.518      8.229      1.523            0 
    V46N-H-K45HG3    119.518      8.229      1.308            0 
         V46N-H-H    119.518      8.229      8.229            0 
        V46N-H-HA    119.518      8.229      3.185            0 
        V46N-H-HB    119.518      8.229      1.870            0 
       V46N-H-HG1    119.518      8.229      0.888            0 
       V46N-H-HG2    119.518      8.229      0.921            0 
      V46N-H-G47H    119.518      8.229      8.892            0 
      V46N-H-D48H    119.518      8.229      8.160            0 
    G47N-H-T20HG2    116.505      8.892      1.110            0 
      G47N-H-I21H    116.505      8.892      9.022            0 
     G47N-H-I21HA    116.505      8.892      4.082            0 
     G47N-H-I21HB    116.505      8.892      2.522            0 
    G47N-H-I21HG2    116.505      8.892      0.879            0 
     G47N-H-Q22HA    116.505      8.892      4.579            0 
      G47N-H-V46H    116.505      8.892      8.229            0 
     G47N-H-V46HA    116.505      8.892      3.185            0 
     G47N-H-V46HB    116.505      8.892      1.870            0 
    G47N-H-V46HG1    116.505      8.892      0.888            0 
    G47N-H-V46HG2    116.505      8.892      0.921            0 
         G47N-H-H    116.505      8.892      8.892            0 
       G47N-H-HA2    116.505      8.892      4.499            0 
       G47N-H-HA3    116.505      8.892      3.574            0 
      G47N-H-D48H    116.505      8.892      8.160            0 
    G47N-H-D48HB2    116.505      8.892      2.872            0 
    D48N-H-T20HG2    122.408      8.160      1.110            0 
      D48N-H-I21H    122.408      8.160      9.022            0 
     D48N-H-I21HB    122.408      8.160      2.522            0 
   D48N-H-I21HG12    122.408      8.160      1.833            0 
   D48N-H-I21HG13    122.408      8.160      1.494            0 
    D48N-H-I21HG2    122.408      8.160      0.879            0 
      D48N-H-K45H    122.408      8.160      8.801            0 
    D48N-H-K45HB3    122.408      8.160      1.755            0 
      D48N-H-V46H    122.408      8.160      8.229            0 
     D48N-H-V46HA    122.408      8.160      3.185            0 
    D48N-H-V46HG1    122.408      8.160      0.888            0 
      D48N-H-G47H    122.408      8.160      8.892            0 
    D48N-H-G47HA2    122.408      8.160      4.499            0 
    D48N-H-G47HA3    122.408      8.160      3.574            0 
         D48N-H-H    122.408      8.160      8.160            0 
        D48N-H-HA    122.408      8.160      4.528            0 
       D48N-H-HB2    122.408      8.160      2.872            0 
       D48N-H-HB3    122.408      8.160      2.489            0 
      D48N-H-E49H    122.408      8.160      8.561            0 
     E49N-H-T20HA    124.622      8.561      5.354            0 
    E49N-H-T20HG2    124.622      8.561      1.110            0 
      E49N-H-I21H    124.622      8.561      9.022            0 
      E49N-H-D48H    124.622      8.561      8.160            0 
     E49N-H-D48HA    124.622      8.561      4.528            0 
    E49N-H-D48HB2    124.622      8.561      2.872            0 
    E49N-H-D48HB3    124.622      8.561      2.489            0 
         E49N-H-H    124.622      8.561      8.561            0 
        E49N-H-HA    124.622      8.561      5.101            0 
       E49N-H-HB2    124.622      8.561      1.993            0 
       E49N-H-HB3    124.622      8.561      1.985            0 
       E49N-H-HG2    124.622      8.561      2.370            0 
       E49N-H-HG3    124.622      8.561      2.337            0 
      E49N-H-V50H    124.622      8.561      8.516            0 
    E49N-H-V50HG1    124.622      8.561      0.955            0 
    E49N-H-V50HG2    124.622      8.561      0.761            0 
      V50N-H-V19H    117.128      8.516      9.040            0 
    V50N-H-V19HG2    117.128      8.516      0.646            0 
     V50N-H-T20HA    117.128      8.516      5.354            0 
      V50N-H-I21H    117.128      8.516      9.022            0 
    V50N-H-I21HD1    117.128      8.516      0.519            0 
   V50N-H-I21HG12    117.128      8.516      1.833            0 
      V50N-H-E49H    117.128      8.516      8.561            0 
     V50N-H-E49HA    117.128      8.516      5.101            0 
    V50N-H-E49HB2    117.128      8.516      1.993            0 
    V50N-H-E49HB3    117.128      8.516      1.985            0 
         V50N-H-H    117.128      8.516      8.516            0 
        V50N-H-HA    117.128      8.516      4.864            0 
        V50N-H-HB    117.128      8.516      2.115            0 
       V50N-H-HG1    117.128      8.516      0.955            0 
       V50N-H-HG2    117.128      8.516      0.761            0 
      V50N-H-R51H    117.128      8.516      8.683            0 
    V50N-H-I52HG2    117.128      8.516      0.756            0 
     R51N-H-D18HA    125.516      8.683      5.510            0 
      R51N-H-V19H    125.516      8.683      9.040            0 
      R51N-H-V50H    125.516      8.683      8.516            0 
     R51N-H-V50HA    125.516      8.683      4.864            0 
     R51N-H-V50HB    125.516      8.683      2.115            0 
    R51N-H-V50HG1    125.516      8.683      0.955            0 
    R51N-H-V50HG2    125.516      8.683      0.761            0 
         R51N-H-H    125.516      8.683      8.683            0 
        R51N-H-HA    125.516      8.683      5.403            0 
       R51N-H-HB2    125.516      8.683      1.807            0 
       R51N-H-HB3    125.516      8.683      1.806            0 
       R51N-H-HG2    125.516      8.683      1.514            0 
       R51N-H-HG3    125.516      8.683      1.381            0 
      R51N-H-I52H    125.516      8.683      9.502            0 
    R51N-H-I52HG2    125.516      8.683      0.756            0 
      R51N-H-V67H    125.516      8.683      9.143            0 
      R51N-H-E68H    125.516      8.683      8.358            0 
     R51N-H-E68HA    125.516      8.683      4.404            0 
     I52N-H-V16HA    119.205      9.502      5.556            0 
      I52N-H-Y17H    119.205      9.502      8.766            0 
     I52N-H-Y17HA    119.205      9.502      4.752            0 
     I52N-H-D18HA    119.205      9.502      5.510            0 
      I52N-H-V19H    119.205      9.502      9.040            0 
    I52N-H-V19HG1    119.205      9.502      0.756            0 
    I52N-H-V19HG2    119.205      9.502      0.646            0 
    I52N-H-V50HG2    119.205      9.502      0.761            0 
      I52N-H-R51H    119.205      9.502      8.683            0 
     I52N-H-R51HA    119.205      9.502      5.403            0 
    I52N-H-R51HB2    119.205      9.502      1.807            0 
    I52N-H-R51HB3    119.205      9.502      1.806            0 
    I52N-H-R51HG2    119.205      9.502      1.514            0 
         I52N-H-H    119.205      9.502      9.502            0 
        I52N-H-HA    119.205      9.502      5.510            0 
        I52N-H-HB    119.205      9.502      1.774            0 
       I52N-H-HD1    119.205      9.502      0.619            0 
      I52N-H-HG12    119.205      9.502      1.193            0 
      I52N-H-HG13    119.205      9.502      1.741            0 
       I52N-H-HG2    119.205      9.502      0.756            0 
      I52N-H-K53H    119.205      9.502      9.047            0 
     K53N-H-V16HA    121.810      9.047      5.556            0 
    K53N-H-V16HG2    121.810      9.047      0.843            0 
      K53N-H-I52H    121.810      9.047      9.502            0 
     K53N-H-I52HA    121.810      9.047      5.510            0 
     K53N-H-I52HB    121.810      9.047      1.774            0 
    K53N-H-I52HD1    121.810      9.047      0.619            0 
   K53N-H-I52HG13    121.810      9.047      1.741            0 
    K53N-H-I52HG2    121.810      9.047      0.756            0 
         K53N-H-H    121.810      9.047      9.047            0 
        K53N-H-HA    121.810      9.047      5.207            0 
       K53N-H-HB2    121.810      9.047      1.823            0 
       K53N-H-HB3    121.810      9.047      1.373            0 
       K53N-H-HG2    121.810      9.047      1.118            0 
       K53N-H-HG3    121.810      9.047      1.051            0 
      K53N-H-V54H    121.810      9.047      8.923            0 
     K53N-H-A64HB    121.810      9.047      1.381            0 
      K53N-H-S65H    121.810      9.047      8.783            0 
     K53N-H-S65HA    121.810      9.047      5.100            0 
      K53N-H-V66H    121.810      9.047      8.722            0 
     K53N-H-V66HA    121.810      9.047      4.160            0 
      K53N-H-V67H    121.810      9.047      9.143            0 
    K53N-H-V67HG2    121.810      9.047      0.852            0 
      V54N-H-G14H    127.121      8.923      9.262            0 
      V54N-H-E15H    127.121      8.923      7.554            0 
    V54N-H-E15HB2    127.121      8.923      2.307            0 
      V54N-H-V16H    127.121      8.923      7.843            0 
     V54N-H-V16HA    127.121      8.923      5.556            0 
    V54N-H-V16HG2    127.121      8.923      0.843            0 
      V54N-H-Y17H    127.121      8.923      8.766            0 
     V54N-H-I52HB    127.121      8.923      1.774            0 
    V54N-H-I52HD1    127.121      8.923      0.619            0 
      V54N-H-K53H    127.121      8.923      9.047            0 
     V54N-H-K53HA    127.121      8.923      5.207            0 
    V54N-H-K53HB2    127.121      8.923      1.823            0 
    V54N-H-K53HB3    127.121      8.923      1.373            0 
    V54N-H-K53HG3    127.121      8.923      1.051            0 
         V54N-H-H    127.121      8.923      8.923            0 
        V54N-H-HA    127.121      8.923      3.822            0 
        V54N-H-HB    127.121      8.923      2.525            0 
       V54N-H-HG1    127.121      8.923      0.794            0 
       V54N-H-HG2    127.121      8.923      1.025            0 
      V54N-H-E55H    127.121      8.923      9.492            0 
     V54N-H-A64HA    127.121      8.923      5.405            0 
     V54N-H-A64HB    127.121      8.923      1.381            0 
      E55N-H-G14H    130.614      9.492      9.262            0 
      E55N-H-V54H    130.614      9.492      8.923            0 
     E55N-H-V54HA    130.614      9.492      3.822            0 
     E55N-H-V54HB    130.614      9.492      2.525            0 
    E55N-H-V54HG1    130.614      9.492      0.794            0 
    E55N-H-V54HG2    130.614      9.492      1.025            0 
         E55N-H-H    130.614      9.492      9.492            0 
        E55N-H-HA    130.614      9.492      4.685            0 
       E55N-H-HB2    130.614      9.492      2.202            0 
       E55N-H-HB3    130.614      9.492      1.838            0 
       E55N-H-HG2    130.614      9.492      2.456            0 
       E55N-H-HG3    130.614      9.492      2.454            0 
      E55N-H-R56H    130.614      9.492      7.724            0 
      E55N-H-F63H    130.614      9.492      9.112            0 
    E55N-H-F63HB3    130.614      9.492      2.967            0 
      E55N-H-A64H    130.614      9.492      9.151            0 
     E55N-H-A64HA    130.614      9.492      5.405            0 
     E55N-H-A64HB    130.614      9.492      1.381            0 
      E55N-H-S65H    130.614      9.492      8.783            0 
     R56N-H-E13HA    116.992      7.724      3.612            0 
     R56N-H-V54HA    116.992      7.724      3.822            0 
    R56N-H-V54HG1    116.992      7.724      0.794            0 
      R56N-H-E55H    116.992      7.724      9.492            0 
     R56N-H-E55HA    116.992      7.724      4.685            0 
    R56N-H-E55HB2    116.992      7.724      2.202            0 
    R56N-H-E55HB3    116.992      7.724      1.838            0 
    R56N-H-E55HG3    116.992      7.724      2.454            0 
         R56N-H-H    116.992      7.724      7.724            0 
        R56N-H-HA    116.992      7.724      4.882            0 
       R56N-H-HB2    116.992      7.724      1.950            0 
       R56N-H-HB3    116.992      7.724      1.959            0 
       R56N-H-HG2    116.992      7.724      1.724            0 
      R56N-H-V57H    116.992      7.724      9.612            0 
     R56N-H-V57HA    116.992      7.724      4.303            0 
     R56N-H-A62HB    116.992      7.724      1.673            0 
      R56N-H-F63H    116.992      7.724      9.112            0 
    R56N-H-F63HB3    116.992      7.724      2.967            0 
    R56N-H-F63HD2    116.992      7.724      7.400            0 
     R56N-H-A64HA    116.992      7.724      5.405            0 
    V57N-H-E13HB3    126.603      9.612      1.973            0 
    V57N-H-E13HG2    126.603      9.612      2.403            0 
    V57N-H-V54HG1    126.603      9.612      0.794            0 
      V57N-H-R56H    126.603      9.612      7.724            0 
     V57N-H-R56HA    126.603      9.612      4.882            0 
    V57N-H-R56HB2    126.603      9.612      1.950            0 
    V57N-H-R56HB3    126.603      9.612      1.959            0 
    V57N-H-R56HG2    126.603      9.612      1.724            0 
         V57N-H-H    126.603      9.612      9.612            0 
        V57N-H-HA    126.603      9.612      4.303            0 
        V57N-H-HB    126.603      9.612      2.095            0 
       V57N-H-HG1    126.603      9.612      0.979            0 
       V57N-H-HG2    126.603      9.612      0.811            0 
      V57N-H-L58H    126.603      9.612      8.831            0 
     L58N-H-F37HZ    134.105      8.831      7.339            0 
      L58N-H-V57H    134.105      8.831      9.612            0 
     L58N-H-V57HA    134.105      8.831      4.303            0 
     L58N-H-V57HB    134.105      8.831      2.095            0 
    L58N-H-V57HG1    134.105      8.831      0.979            0 
    L58N-H-V57HG2    134.105      8.831      0.811            0 
         L58N-H-H    134.105      8.831      8.831            0 
        L58N-H-HA    134.105      8.831      4.887            0 
       L58N-H-HB2    134.105      8.831      1.750            0 
       L58N-H-HB3    134.105      8.831      1.364            0 
       L58N-H-HD1    134.105      8.831      1.087            0 
       L58N-H-HD2    134.105      8.831      1.050            0 
        L58N-H-HG    134.105      8.831      1.810            0 
      L58N-H-K60H    134.105      8.831      7.737            0 
      L58N-H-F61H    134.105      8.831      7.033            0 
     L58N-H-F61HA    134.105      8.831      4.182            0 
      L58N-H-A62H    134.105      8.831      8.617            0 
     L58N-H-A62HA    134.105      8.831      5.497            0 
     L58N-H-A62HB    134.105      8.831      1.673            0 
      L58N-H-F63H    134.105      8.831      9.112            0 
      K60N-H-L58H    108.727      7.737      8.831            0 
     K60N-H-L58HA    108.727      7.737      4.887            0 
    K60N-H-L58HB2    108.727      7.737      1.750            0 
    K60N-H-L58HB3    108.727      7.737      1.364            0 
     K60N-H-P59HA    108.727      7.737      4.245            0 
    K60N-H-P59HB2    108.727      7.737      2.417            0 
    K60N-H-P59HB3    108.727      7.737      1.814            0 
    K60N-H-P59HD2    108.727      7.737      3.738            0 
    K60N-H-P59HD3    108.727      7.737      3.667            0 
    K60N-H-P59HG2    108.727      7.737      2.157            0 
    K60N-H-P59HG3    108.727      7.737      1.985            0 
         K60N-H-H    108.727      7.737      7.737            0 
        K60N-H-HA    108.727      7.737      4.525            0 
       K60N-H-HB2    108.727      7.737      2.023            0 
       K60N-H-HB3    108.727      7.737      1.537            0 
       K60N-H-HG2    108.727      7.737      1.422            0 
       K60N-H-HG3    108.727      7.737      1.343            0 
      K60N-H-F61H    108.727      7.737      7.033            0 
     K60N-H-F61HA    108.727      7.737      4.182            0 
    F61N-H-F37HE1    116.106      7.033      7.103            0 
     F61N-H-F37HZ    116.106      7.033      7.339            0 
      F61N-H-L58H    116.106      7.033      8.831            0 
     F61N-H-L58HA    116.106      7.033      4.887            0 
    F61N-H-L58HB2    116.106      7.033      1.750            0 
    F61N-H-L58HB3    116.106      7.033      1.364            0 
     F61N-H-P59HA    116.106      7.033      4.245            0 
    F61N-H-P59HD2    116.106      7.033      3.738            0 
      F61N-H-K60H    116.106      7.033      7.737            0 
     F61N-H-K60HA    116.106      7.033      4.525            0 
    F61N-H-K60HB2    116.106      7.033      2.023            0 
    F61N-H-K60HB3    116.106      7.033      1.537            0 
         F61N-H-H    116.106      7.033      7.033            0 
        F61N-H-HA    116.106      7.033      4.182            0 
       F61N-H-HB2    116.106      7.033      3.041            0 
       F61N-H-HB3    116.106      7.033      2.475            0 
       F61N-H-HD1    116.106      7.033      6.798            0 
       F61N-H-HD2    116.106      7.033      6.798            0 
      F61N-H-A62H    116.106      7.033      8.617            0 
     F61N-H-A62HA    116.106      7.033      5.497            0 
    A62N-H-F37HE2    118.022      8.617      7.103            0 
     A62N-H-F37HZ    118.022      8.617      7.339            0 
    A62N-H-V38HG1    118.022      8.617      0.082            0 
      A62N-H-I39H    118.022      8.617      8.634            0 
     A62N-H-I39HA    118.022      8.617      4.286            0 
   A62N-H-I39HG12    118.022      8.617      1.462            0 
   A62N-H-I39HG13    118.022      8.617      0.956            0 
    A62N-H-I39HG2    118.022      8.617      0.601            0 
      A62N-H-F40H    118.022      8.617      8.844            0 
      A62N-H-L58H    118.022      8.617      8.831            0 
      A62N-H-F61H    118.022      8.617      7.033            0 
     A62N-H-F61HA    118.022      8.617      4.182            0 
    A62N-H-F61HB2    118.022      8.617      3.041            0 
    A62N-H-F61HB3    118.022      8.617      2.475            0 
         A62N-H-H    118.022      8.617      8.617            0 
        A62N-H-HA    118.022      8.617      5.497            0 
        A62N-H-HB    118.022      8.617      1.673            0 
      A62N-H-F63H    118.022      8.617      9.112            0 
    F63N-H-I39HG2    116.824      9.112      0.601            0 
    F63N-H-V54HG1    116.824      9.112      0.794            0 
      F63N-H-E55H    116.824      9.112      9.492            0 
      F63N-H-R56H    116.824      9.112      7.724            0 
     F63N-H-V57HA    116.824      9.112      4.303            0 
      F63N-H-L58H    116.824      9.112      8.831            0 
      F63N-H-A62H    116.824      9.112      8.617            0 
     F63N-H-A62HA    116.824      9.112      5.497            0 
     F63N-H-A62HB    116.824      9.112      1.673            0 
         F63N-H-H    116.824      9.112      9.112            0 
        F63N-H-HA    116.824      9.112      5.502            0 
       F63N-H-HB2    116.824      9.112      3.491            0 
       F63N-H-HB3    116.824      9.112      2.967            0 
       F63N-H-HD2    116.824      9.112      7.400            0 
      F63N-H-A64H    116.824      9.112      9.151            0 
     F63N-H-A64HB    116.824      9.112      1.381            0 
    A64N-H-I39HG2    125.128      9.151      0.601            0 
      A64N-H-F40H    125.128      9.151      8.844            0 
    A64N-H-F40HB2    125.128      9.151      3.116            0 
     A64N-H-V41HA    125.128      9.151      4.892            0 
    A64N-H-V41HG1    125.128      9.151      0.750            0 
    A64N-H-V41HG2    125.128      9.151      0.690            0 
    A64N-H-P42HD2    125.128      9.151      3.998            0 
    A64N-H-P42HD3    125.128      9.151      4.269            0 
     A64N-H-V54HA    125.128      9.151      3.822            0 
      A64N-H-E55H    125.128      9.151      9.492            0 
      A64N-H-F63H    125.128      9.151      9.112            0 
     A64N-H-F63HA    125.128      9.151      5.502            0 
    A64N-H-F63HB2    125.128      9.151      3.491            0 
    A64N-H-F63HB3    125.128      9.151      2.967            0 
    A64N-H-F63HD1    125.128      9.151      7.400            0 
         A64N-H-H    125.128      9.151      9.151            0 
        A64N-H-HA    125.128      9.151      5.405            0 
        A64N-H-HB    125.128      9.151      1.381            0 
      A64N-H-S65H    125.128      9.151      8.783            0 
     A64N-H-S65HA    125.128      9.151      5.100            0 
     S65N-H-I52HB    112.640      8.783      1.774            0 
    S65N-H-I52HG2    112.640      8.783      0.756            0 
      S65N-H-K53H    112.640      8.783      9.047            0 
    S65N-H-K53HB3    112.640      8.783      1.373            0 
     S65N-H-V54HA    112.640      8.783      3.822            0 
      S65N-H-E55H    112.640      8.783      9.492            0 
      S65N-H-A64H    112.640      8.783      9.151            0 
     S65N-H-A64HA    112.640      8.783      5.405            0 
     S65N-H-A64HB    112.640      8.783      1.381            0 
         S65N-H-H    112.640      8.783      8.783            0 
        S65N-H-HA    112.640      8.783      5.100            0 
       S65N-H-HB2    112.640      8.783      3.918            0 
       S65N-H-HB3    112.640      8.783      3.880            0 
      S65N-H-V66H    112.640      8.783      8.722            0 
    V66N-H-V41HG1    121.818      8.722      0.750            0 
     V66N-H-I52HA    121.818      8.722      5.510            0 
    V66N-H-I52HG2    121.818      8.722      0.756            0 
      V66N-H-K53H    121.818      8.722      9.047            0 
      V66N-H-S65H    121.818      8.722      8.783            0 
     V66N-H-S65HA    121.818      8.722      5.100            0 
    V66N-H-S65HB2    121.818      8.722      3.918            0 
    V66N-H-S65HB3    121.818      8.722      3.880            0 
         V66N-H-H    121.818      8.722      8.722            0 
        V66N-H-HA    121.818      8.722      4.160            0 
        V66N-H-HB    121.818      8.722      2.009            0 
       V66N-H-HG1    121.818      8.722      0.943            0 
       V66N-H-HG2    121.818      8.722      0.917            0 
      V66N-H-V67H    121.818      8.722      9.143            0 
     V67N-H-V50HB    129.216      9.143      2.115            0 
      V67N-H-R51H    129.216      9.143      8.683            0 
    V67N-H-R51HB2    129.216      9.143      1.807            0 
     V67N-H-I52HA    129.216      9.143      5.510            0 
    V67N-H-I52HG2    129.216      9.143      0.756            0 
      V67N-H-K53H    129.216      9.143      9.047            0 
      V67N-H-V66H    129.216      9.143      8.722            0 
     V67N-H-V66HA    129.216      9.143      4.160            0 
     V67N-H-V66HB    129.216      9.143      2.009            0 
    V67N-H-V66HG1    129.216      9.143      0.943            0 
    V67N-H-V66HG2    129.216      9.143      0.917            0 
         V67N-H-H    129.216      9.143      9.143            0 
        V67N-H-HA    129.216      9.143      4.131            0 
        V67N-H-HB    129.216      9.143      1.847            0 
       V67N-H-HG1    129.216      9.143      0.894            0 
       V67N-H-HG2    129.216      9.143      0.852            0 
      V67N-H-E68H    129.216      9.143      8.358            0 
     V67N-H-E68HA    129.216      9.143      4.404            0 
     E68N-H-V50HB    123.710      8.358      2.115            0 
      E68N-H-R51H    123.710      8.358      8.683            0 
    E68N-H-R51HB2    123.710      8.358      1.807            0 
     E68N-H-V66HA    123.710      8.358      4.160            0 
     E68N-H-V66HB    123.710      8.358      2.009            0 
    E68N-H-V66HG1    123.710      8.358      0.943            0 
    E68N-H-V66HG2    123.710      8.358      0.917            0 
      E68N-H-V67H    123.710      8.358      9.143            0 
     E68N-H-V67HA    123.710      8.358      4.131            0 
     E68N-H-V67HB    123.710      8.358      1.847            0 
    E68N-H-V67HG1    123.710      8.358      0.894            0 
    E68N-H-V67HG2    123.710      8.358      0.852            0 
         E68N-H-H    123.710      8.358      8.358            0 
        E68N-H-HA    123.710      8.358      4.404            0 
       E68N-H-HB2    123.710      8.358      2.063            0 
       E68N-H-HB3    123.710      8.358      1.956            0 
       E68N-H-HG2    123.710      8.358      2.272            0 
