      Assignment         w1         w2         w3   Data Height 

       S4N-H-E3HA    118.042      8.650      4.408          691 
      S4N-H-E3HB2    118.042      8.650      2.092          967 
      S4N-H-E3HB3    118.042      8.650      1.988          177 
          S4N-H-H    118.042      8.650      8.650         4615 
         S4N-H-HA    118.042      8.650      4.463          480 
        S4N-H-HB2    118.042      8.650      4.096          227 
        S4N-H-HB3    118.042      8.650      3.955          245 
        S4N-H-I5H    118.042      8.650      8.404          279 
        I5N-H-S4H    124.711      8.404      8.650          -13 
       I5N-H-S4HA    124.711      8.404      4.463         2402 
      I5N-H-S4HB2    124.711      8.404      4.096          683 
      I5N-H-S4HB3    124.711      8.404      3.955          673 
          I5N-H-H    124.711      8.404      8.404         6565 
         I5N-H-HA    124.711      8.404      3.902         1251 
         I5N-H-HB    124.711      8.404      1.704         2159 
        I5N-H-HD1    124.711      8.404      0.869          418 
       I5N-H-HG12    124.711      8.404      1.262          580 
       I5N-H-HG13    124.711      8.404      1.148          307 
        I5N-H-HG2    124.711      8.404      0.384         1434 
        I5N-H-V6H    124.711      8.404      7.602         1106 
      I5N-H-V6HG2    124.711      8.404      0.997          318 
        I5N-H-T7H    124.711      8.404      7.515          252 
        V6N-H-I5H    119.974      7.602      8.404          922 
       V6N-H-I5HA    119.974      7.602      3.902          739 
       V6N-H-I5HB    119.974      7.602      1.704         1254 
      V6N-H-I5HD1    119.974      7.602      0.869          178 
      V6N-H-I5HG2    119.974      7.602      0.384         1977 
          V6N-H-H    119.974      7.602      7.602        27123 
         V6N-H-HA    119.974      7.602      3.293         1731 
         V6N-H-HB    119.974      7.602      2.029         3931 
        V6N-H-HG1    119.974      7.602      0.950         3462 
        V6N-H-HG2    119.974      7.602      0.997         4228 
        V6N-H-T7H    119.974      7.602      7.515         4772 
        V6N-H-K8H    119.974      7.602      7.807          437 
       T7N-H-S4HA    114.177      7.515      4.463          267 
        T7N-H-I5H    114.177      7.515      8.404         -119 
        T7N-H-V6H    114.177      7.515      7.602         4689 
       T7N-H-V6HA    114.177      7.515      3.293          571 
       T7N-H-V6HB    114.177      7.515      2.029         2272 
      T7N-H-V6HG1    114.177      7.515      0.950         1678 
      T7N-H-V6HG2    114.177      7.515      0.997         1397 
          T7N-H-H    114.177      7.515      7.515        24784 
         T7N-H-HA    114.177      7.515      3.823         1755 
         T7N-H-HB    114.177      7.515      4.239         2794 
        T7N-H-HG2    114.177      7.515      1.255         1285 
        T7N-H-K8H    114.177      7.515      7.807         2701 
        T7N-H-I9H    114.177      7.515      8.288          172 
       T7N-H-I10H    114.177      7.515      8.073           71 
     T7N-H-I10HD1    114.177      7.515      0.806          197 
       K8N-H-I5HA    123.387      7.807      3.902         1810 
        K8N-H-V6H    123.387      7.807      7.602          971 
       K8N-H-V6HA    123.387      7.807      3.293          139 
        K8N-H-T7H    123.387      7.807      7.515         3388 
       K8N-H-T7HA    123.387      7.807      3.823         1140 
       K8N-H-T7HB    123.387      7.807      4.239         2645 
      K8N-H-T7HG2    123.387      7.807      1.255         1013 
          K8N-H-H    123.387      7.807      7.807        40626 
         K8N-H-HA    123.387      7.807      4.066         3032 
        K8N-H-HB2    123.387      7.807      1.970         8737 
        K8N-H-HB3    123.387      7.807      1.947         8183 
        K8N-H-HG2    123.387      7.807      1.474          948 
        K8N-H-HG3    123.387      7.807      1.388          465 
        K8N-H-I9H    123.387      7.807      8.288         3015 
     K8N-H-I9HG13    123.387      7.807      0.733          553 
       K8N-H-I10H    123.387      7.807      8.073          381 
       K8N-H-S11H    123.387      7.807      7.861        15173 
       I9N-H-V6HA    119.543      8.288      3.293         1149 
      I9N-H-V6HG1    119.543      8.288      0.950          892 
        I9N-H-T7H    119.543      8.288      7.515          321 
       I9N-H-T7HA    119.543      8.288      3.823          601 
        I9N-H-K8H    119.543      8.288      7.807         2551 
       I9N-H-K8HA    119.543      8.288      4.066          964 
      I9N-H-K8HB2    119.543      8.288      1.970         4119 
      I9N-H-K8HB3    119.543      8.288      1.947         4764 
      I9N-H-K8HG2    119.543      8.288      1.474          530 
      I9N-H-K8HG3    119.543      8.288      1.388          216 
          I9N-H-H    119.543      8.288      8.288        28450 
         I9N-H-HA    119.543      8.288      3.421         2068 
         I9N-H-HB    119.543      8.288      1.873         5442 
        I9N-H-HD1    119.543      8.288      0.502         2659 
       I9N-H-HG12    119.543      8.288      1.578         3306 
       I9N-H-HG13    119.543      8.288      0.733         2814 
        I9N-H-HG2    119.543      8.288      0.528         2621 
       I9N-H-I10H    119.543      8.288      8.073         1426 
    I9N-H-I10HG13    119.543      8.288      0.717         2814 
       I9N-H-S11H    119.543      8.288      7.861         1018 
       I9N-H-I12H    119.543      8.288      8.250        19026 
     I9N-H-I12HD1    119.543      8.288      0.741         2855 
      I10N-H-V6HA    119.219      8.073      3.293         1875 
     I10N-H-V6HG1    119.219      8.073      0.950          814 
       I10N-H-T7H    119.219      8.073      7.515          -51 
      I10N-H-T7HA    119.219      8.073      3.823          772 
     I10N-H-T7HG2    119.219      8.073      1.255           16 
       I10N-H-K8H    119.219      8.073      7.807         1347 
      I10N-H-K8HA    119.219      8.073      4.066          405 
       I10N-H-I9H    119.219      8.073      8.288         2203 
      I10N-H-I9HA    119.219      8.073      3.421          333 
      I10N-H-I9HB    119.219      8.073      1.873         8656 
     I10N-H-I9HD1    119.219      8.073      0.502         1302 
    I10N-H-I9HG13    119.219      8.073      0.733         3009 
     I10N-H-I9HG2    119.219      8.073      0.528         1412 
         I10N-H-H    119.219      8.073      8.073        22597 
        I10N-H-HA    119.219      8.073      3.305         2046 
        I10N-H-HB    119.219      8.073      1.863         8656 
       I10N-H-HD1    119.219      8.073      0.806         3005 
      I10N-H-HG12    119.219      8.073      1.836         7952 
      I10N-H-HG13    119.219      8.073      0.717         3009 
       I10N-H-HG2    119.219      8.073      0.856         2284 
      I10N-H-S11H    119.219      8.073      7.861         2451 
      I10N-H-I12H    119.219      8.073      8.250         1712 
      I10N-H-V13H    119.219      8.073      8.308         1915 
    I10N-H-V13HG2    119.219      8.073      0.875         1733 
    I10N-H-L48HD1    119.219      8.073      0.727         3009 
      S11N-H-T7HA    113.959      7.861      3.823          722 
     S11N-H-T7HG2    113.959      7.861      1.255          695 
       S11N-H-K8H    113.959      7.861      7.807        18180 
      S11N-H-K8HA    113.959      7.861      4.066         7157 
       S11N-H-I9H    113.959      7.861      8.288         2882 
      S11N-H-I9HA    113.959      7.861      3.421          166 
      S11N-H-I10H    113.959      7.861      8.073         2853 
     S11N-H-I10HA    113.959      7.861      3.305          881 
     S11N-H-I10HB    113.959      7.861      1.863         4302 
    S11N-H-I10HD1    113.959      7.861      0.806         1530 
   S11N-H-I10HG13    113.959      7.861      0.717          715 
    S11N-H-I10HG2    113.959      7.861      0.856         2320 
         S11N-H-H    113.959      7.861      7.861        43571 
        S11N-H-HA    113.959      7.861      4.250         3327 
       S11N-H-HB2    113.959      7.861      4.050         7620 
       S11N-H-HB3    113.959      7.861      4.050         7620 
      S11N-H-I12H    113.959      7.861      8.250         3489 
   S11N-H-I12HG13    113.959      7.861      1.038          197 
      S11N-H-V13H    113.959      7.861      8.308         2018 
      S11N-H-Q14H    113.959      7.861      8.612           67 
      I12N-H-K8HA    123.767      8.250      4.066         2153 
       I12N-H-I9H    123.767      8.250      8.288        19375 
      I12N-H-I9HA    123.767      8.250      3.421         1312 
     I12N-H-I9HG2    123.767      8.250      0.528          277 
      I12N-H-I10H    123.767      8.250      8.073          432 
     I12N-H-I10HA    123.767      8.250      3.305          143 
      I12N-H-S11H    123.767      8.250      7.861         2182 
     I12N-H-S11HA    123.767      8.250      4.250          750 
    I12N-H-S11HB2    123.767      8.250      4.050         2282 
    I12N-H-S11HB3    123.767      8.250      4.050         2282 
         I12N-H-H    123.767      8.250      8.250        27364 
        I12N-H-HA    123.767      8.250      3.801         2283 
        I12N-H-HB    123.767      8.250      1.990         5729 
       I12N-H-HD1    123.767      8.250      0.741         1983 
      I12N-H-HG12    123.767      8.250      1.837         3719 
      I12N-H-HG13    123.767      8.250      1.038         1751 
       I12N-H-HG2    123.767      8.250      0.894         2505 
      I12N-H-V13H    123.767      8.250      8.308        11487 
    I12N-H-V13HG2    123.767      8.250      0.875         2505 
      I12N-H-Q14H    123.767      8.250      8.612          282 
      I12N-H-E15H    123.767      8.250      8.378          802 
      V13N-H-I9HA    120.066      8.308      3.421         2803 
     V13N-H-I9HG2    120.066      8.308      0.528         1006 
      V13N-H-I10H    120.066      8.308      8.073          239 
     V13N-H-I10HA    120.066      8.308      3.305          980 
    V13N-H-I10HG2    120.066      8.308      0.856         7635 
      V13N-H-S11H    120.066      8.308      7.861          312 
     V13N-H-S11HA    120.066      8.308      4.250          482 
      V13N-H-I12H    120.066      8.308      8.250        15335 
     V13N-H-I12HA    120.066      8.308      3.801          823 
     V13N-H-I12HB    120.066      8.308      1.990         3252 
    V13N-H-I12HD1    120.066      8.308      0.741         1407 
   V13N-H-I12HG13    120.066      8.308      1.038          234 
    V13N-H-I12HG2    120.066      8.308      0.894         8258 
         V13N-H-H    120.066      8.308      8.308        32104 
        V13N-H-HA    120.066      8.308      3.435         2740 
        V13N-H-HB    120.066      8.308      2.095         4848 
       V13N-H-HG1    120.066      8.308      0.941         3116 
       V13N-H-HG2    120.066      8.308      0.875         8258 
      V13N-H-Q14H    120.066      8.308      8.612         2868 
      V13N-H-E15H    120.066      8.308      8.378         7434 
    V13N-H-I30HD1    120.066      8.308      0.599          593 
     Q14N-H-I10HA    118.099      8.612      3.305           64 
    Q14N-H-I10HG2    118.099      8.612      0.856         2510 
      Q14N-H-S11H    118.099      8.612      7.861           64 
     Q14N-H-S11HA    118.099      8.612      4.250          959 
      Q14N-H-I12H    118.099      8.612      8.250         1374 
     Q14N-H-I12HA    118.099      8.612      3.801         2261 
      Q14N-H-V13H    118.099      8.612      8.308         3540 
     Q14N-H-V13HA    118.099      8.612      3.435          794 
     Q14N-H-V13HB    118.099      8.612      2.095         4969 
    Q14N-H-V13HG1    118.099      8.612      0.941         2172 
    Q14N-H-V13HG2    118.099      8.612      0.875         3038 
         Q14N-H-H    118.099      8.612      8.612        27017 
        Q14N-H-HA    118.099      8.612      3.831         2724 
       Q14N-H-HB2    118.099      8.612      2.208         4841 
       Q14N-H-HB3    118.099      8.612      2.148         6222 
       Q14N-H-HG2    118.099      8.612      2.315         2111 
       Q14N-H-HG3    118.099      8.612      2.315         2111 
      Q14N-H-E15H    118.099      8.612      8.378         2741 
      Q14N-H-R16H    118.099      8.612      8.439         1589 
    Q14N-H-L69HD2    118.099      8.612      0.893         3038 
   Q14NE2-HE21-HA    112.194      7.373      3.831          764 
  Q14NE2-HE21-HB2    112.194      7.373      2.208          323 
  Q14NE2-HE21-HB3    112.194      7.373      2.148          260 
 Q14NE2-HE21-HE21    112.194      7.373      7.373        65652 
 Q14NE2-HE21-HE22    112.194      7.373      6.899        30349 
  Q14NE2-HE21-HG2    112.194      7.373      2.315         3453 
  Q14NE2-HE21-HG3    112.194      7.373      2.315         3453 
Q14NE2-HE21-L69HD2    112.194      7.373      0.893          735 
 Q14NE2-HE22-HE21    112.194      6.899      7.373        27166 
 Q14NE2-HE22-HE22    112.194      6.899      6.899        58110 
  Q14NE2-HE22-HG2    112.194      6.899      2.315         1158 
  Q14NE2-HE22-HG3    112.194      6.899      2.315         1158 
     E15N-H-S11HA    118.580      8.378      4.250          407 
      E15N-H-I12H    118.580      8.378      8.250        -1335 
     E15N-H-I12HA    118.580      8.378      3.801         1525 
    E15N-H-I12HG2    118.580      8.378      0.894          803 
      E15N-H-V13H    118.580      8.378      8.308        14813 
     E15N-H-V13HA    118.580      8.378      3.435          253 
      E15N-H-Q14H    118.580      8.378      8.612         2711 
     E15N-H-Q14HA    118.580      8.378      3.831         1590 
    E15N-H-Q14HB2    118.580      8.378      2.208         9802 
    E15N-H-Q14HB3    118.580      8.378      2.148         8157 
    E15N-H-Q14HG2    118.580      8.378      2.315         2572 
    E15N-H-Q14HG3    118.580      8.378      2.315         2572 
         E15N-H-H    118.580      8.378      8.378        41453 
        E15N-H-HA    118.580      8.378      4.110         3145 
       E15N-H-HB2    118.580      8.378      2.201         9802 
       E15N-H-HB3    118.580      8.378      2.152         8157 
       E15N-H-HG2    118.580      8.378      2.405          841 
       E15N-H-HG3    118.580      8.378      2.306         3248 
      E15N-H-R16H    118.580      8.378      8.439        24245 
      E15N-H-Q17H    118.580      8.378      8.861          603 
      E15N-H-N18H    118.580      8.378      8.017          -87 
     R16N-H-I12HA    118.688      8.439      3.801          726 
    R16N-H-I12HG2    118.688      8.439      0.894          375 
     R16N-H-V13HA    118.688      8.439      3.435          772 
      R16N-H-Q14H    118.688      8.439      8.612          751 
      R16N-H-E15H    118.688      8.439      8.378        15331 
     R16N-H-E15HA    118.688      8.439      4.110         2010 
    R16N-H-E15HB2    118.688      8.439      2.201         2634 
    R16N-H-E15HB3    118.688      8.439      2.152         3973 
    R16N-H-E15HG2    118.688      8.439      2.405          385 
    R16N-H-E15HG3    118.688      8.439      2.306         1000 
         R16N-H-H    118.688      8.439      8.439        28212 
        R16N-H-HA    118.688      8.439      4.157         2370 
       R16N-H-HB2    118.688      8.439      2.089         3957 
       R16N-H-HB3    118.688      8.439      2.022         3930 
       R16N-H-HD2    118.688      8.439      3.261          265 
       R16N-H-HG2    118.688      8.439      1.878         1865 
       R16N-H-HG3    118.688      8.439      1.722         1042 
      R16N-H-Q17H    118.688      8.439      8.861         2847 
      R16N-H-N18H    118.688      8.439      8.017          290 
    R16N-H-V25HG2    118.688      8.439      1.221          529 
      R16NE-HE-HA     83.840      7.804      4.157           34 
     R16NE-HE-HB2     83.840      7.804      2.089          395 
     R16NE-HE-HB3     83.840      7.804      2.022          468 
     R16NE-HE-HD2     83.840      7.804      3.261          480 
     R16NE-HE-HD3     83.840      7.804      3.158          608 
      R16NE-HE-HE     83.840      7.804      7.804         7008 
     R16NE-HE-HG2     83.840      7.804      1.878          347 
     R16NE-HE-HG3     83.840      7.804      1.722          125 
     Q17N-H-V13HA    120.427      8.861      3.435          187 
    Q17N-H-V13HG1    120.427      8.861      0.941          711 
     Q17N-H-Q14HA    120.427      8.861      3.831          739 
      Q17N-H-E15H    120.427      8.861      8.378         2317 
      Q17N-H-R16H    120.427      8.861      8.439         3731 
     Q17N-H-R16HA    120.427      8.861      4.157         1509 
    Q17N-H-R16HB2    120.427      8.861      2.089         2598 
    Q17N-H-R16HB3    120.427      8.861      2.022         5088 
    Q17N-H-R16HG2    120.427      8.861      1.878          531 
         Q17N-H-H    120.427      8.861      8.861        40163 
        Q17N-H-HA    120.427      8.861      4.236         2934 
       Q17N-H-HB2    120.427      8.861      2.322         4067 
       Q17N-H-HB3    120.427      8.861      2.029         5088 
       Q17N-H-HG2    120.427      8.861      2.497         3122 
       Q17N-H-HG3    120.427      8.861      2.497         3122 
      Q17N-H-N18H    120.427      8.861      8.017         3309 
    Q17N-H-N18HB2    120.427      8.861      3.009          144 
      Q17N-H-M19H    120.427      8.861      7.994         3283 
    Q17N-H-V25HG2    120.427      8.861      1.221         1822 
  Q17NE2-HE21-HB2    109.177      7.181      2.322          561 
  Q17NE2-HE21-HB3    109.177      7.181      2.029         1033 
 Q17NE2-HE21-HE21    109.177      7.181      7.181        33994 
 Q17NE2-HE21-HE22    109.177      7.181      7.026        22299 
  Q17NE2-HE21-HG2    109.177      7.181      2.497         3954 
  Q17NE2-HE21-HG3    109.177      7.181      2.497         3954 
 Q17NE2-HE21-L69H    109.177      7.181      9.355          451 
  Q17NE2-HE22-HB3    109.177      7.026      2.029          625 
 Q17NE2-HE22-HE21    109.177      7.026      7.181        19240 
 Q17NE2-HE22-HE22    109.177      7.026      7.026        28380 
  Q17NE2-HE22-HG2    109.177      7.026      2.497         1541 
  Q17NE2-HE22-HG3    109.177      7.026      2.497         1541 
Q17NE2-HE22-R68HA    109.177      7.026      4.832           27 
Q17NE2-HE22-R68HG3    109.177      7.026      1.504          983 
 Q17NE2-HE22-L69H    109.177      7.026      9.355         1024 
Q17NE2-HE22-L69HD1    109.177      7.026      0.929          546 
Q17NE2-HE22-L69HG    109.177      7.026      1.643          552 
     N18N-H-Q14HA    117.033      8.017      3.831          318 
      N18N-H-E15H    117.033      8.017      8.378          446 
     N18N-H-E15HA    117.033      8.017      4.110         1325 
      N18N-H-R16H    117.033      8.017      8.439          706 
     N18N-H-R16HA    117.033      8.017      4.157         1416 
      N18N-H-Q17H    117.033      8.017      8.861         3191 
     N18N-H-Q17HA    117.033      8.017      4.236         1420 
    N18N-H-Q17HB2    117.033      8.017      2.322         1897 
    N18N-H-Q17HB3    117.033      8.017      2.029         1809 
         N18N-H-H    117.033      8.017      8.017        46139 
        N18N-H-HA    117.033      8.017      4.605         3327 
       N18N-H-HB2    117.033      8.017      3.009         5735 
       N18N-H-HB3    117.033      8.017      2.941         4573 
      N18N-H-HD21    117.033      8.017      7.729          424 
      N18N-H-M19H    117.033      8.017      7.994        45663 
      N18N-H-D20H    117.033      8.017      7.800         -350 
N18ND2-HD21-E15HA    112.236      7.729      4.110          628 
    N18ND2-HD21-H    112.236      7.729      8.017          793 
   N18ND2-HD21-HA    112.236      7.729      4.605          369 
  N18ND2-HD21-HB2    112.236      7.729      3.009         2196 
  N18ND2-HD21-HB3    112.236      7.729      2.941         2269 
 N18ND2-HD21-HD21    112.236      7.729      7.729        36129 
 N18ND2-HD21-HD22    112.236      7.729      7.034        27010 
   N18ND2-HD22-HA    112.236      7.034      4.605          240 
  N18ND2-HD22-HB2    112.236      7.034      3.009         1406 
  N18ND2-HD22-HB3    112.236      7.034      2.941         1384 
 N18ND2-HD22-HD21    112.236      7.034      7.729        33326 
 N18ND2-HD22-HD22    112.236      7.034      7.034        83230 
     M19N-H-E15HA    119.320      7.994      4.110         1105 
     M19N-H-R16HA    119.320      7.994      4.157         1782 
      M19N-H-Q17H    119.320      7.994      8.861          541 
     M19N-H-Q17HA    119.320      7.994      4.236          936 
      M19N-H-N18H    119.320      7.994      8.017        44206 
     M19N-H-N18HA    119.320      7.994      4.605         1165 
    M19N-H-N18HB2    119.320      7.994      3.009         2507 
    M19N-H-N18HB3    119.320      7.994      2.941         2238 
         M19N-H-H    119.320      7.994      7.994        55564 
        M19N-H-HA    119.320      7.994      4.372         3289 
       M19N-H-HB2    119.320      7.994      2.232         8228 
       M19N-H-HB3    119.320      7.994      2.232         8228 
       M19N-H-HG2    119.320      7.994      2.806         2715 
       M19N-H-HG3    119.320      7.994      2.730         1969 
      M19N-H-D20H    119.320      7.994      7.800         3781 
     D20N-H-Q17HA    119.127      7.800      4.236          405 
      D20N-H-N18H    119.127      7.800      8.017         2918 
      D20N-H-M19H    119.127      7.800      7.994         3737 
     D20N-H-M19HA    119.127      7.800      4.372         1609 
    D20N-H-M19HB2    119.127      7.800      2.232         2436 
    D20N-H-M19HB3    119.127      7.800      2.232         2436 
         D20N-H-H    119.127      7.800      7.800        42558 
        D20N-H-HA    119.127      7.800      4.990         2522 
       D20N-H-HB2    119.127      7.800      3.021         2323 
       D20N-H-HB3    119.127      7.800      2.565         3631 
      D20N-H-D21H    119.127      7.800      8.136         2053 
      D21N-H-D20H    118.276      8.136      7.800         2261 
     D21N-H-D20HA    118.276      8.136      4.990         4263 
    D21N-H-D20HB2    118.276      8.136      3.021         2275 
    D21N-H-D20HB3    118.276      8.136      2.565         1483 
         D21N-H-H    118.276      8.136      8.136        54288 
        D21N-H-HA    118.276      8.136      4.497         9907 
       D21N-H-HB2    118.276      8.136      3.000         2128 
       D21N-H-HB3    118.276      8.136      2.633         2276 
      D21N-H-G22H    118.276      8.136      8.728         2739 
      D21N-H-A23H    118.276      8.136      7.473          634 
      G22N-H-D21H    105.878      8.728      8.136         1862 
     G22N-H-D21HA    105.878      8.728      4.497         2773 
    G22N-H-D21HB2    105.878      8.728      3.000          690 
    G22N-H-D21HB3    105.878      8.728      2.633          447 
         G22N-H-H    105.878      8.728      8.728        30560 
       G22N-H-HA2    105.878      8.728      4.189         3131 
       G22N-H-HA3    105.878      8.728      3.683         4621 
      G22N-H-A23H    105.878      8.728      7.473         2959 
     G22N-H-A23HB    105.878      8.728      1.541          486 
    A23N-H-D20HB3    125.323      7.473      2.565          908 
      A23N-H-D21H    125.323      7.473      8.136            2 
     A23N-H-D21HA    125.323      7.473      4.497         3089 
      A23N-H-G22H    125.323      7.473      8.728         3474 
    A23N-H-G22HA2    125.323      7.473      4.189         1483 
    A23N-H-G22HA3    125.323      7.473      3.683         1849 
         A23N-H-H    125.323      7.473      7.473        53941 
        A23N-H-HA    125.323      7.473      4.519         3456 
        A23N-H-HB    125.323      7.473      1.541         9904 
    V25N-H-V13HG1    120.408      9.334      0.941          373 
     V25N-H-P24HA    120.408      9.334      4.590         5289 
    V25N-H-P24HB2    120.408      9.334      1.882         2325 
    V25N-H-P24HB3    120.408      9.334      1.828         2336 
         V25N-H-H    120.408      9.334      9.334        23435 
        V25N-H-HA    120.408      9.334      4.378         1398 
        V25N-H-HB    120.408      9.334      2.104         2925 
       V25N-H-HG1    120.408      9.334      1.143         2575 
       V25N-H-HG2    120.408      9.334      1.221         4028 
      V25N-H-K26H    120.408      9.334      9.300        19294 
    V25N-H-L66HB3    120.408      9.334      1.130         1629 
      V25N-H-W67H    120.408      9.334      8.916         1548 
    V25N-H-W67HB2    120.408      9.334      3.118          247 
     V25N-H-R68HA    120.408      9.334      4.832          452 
      K26N-H-V25H    126.177      9.300      9.334        17916 
     K26N-H-V25HA    126.177      9.300      4.378         5970 
     K26N-H-V25HB    126.177      9.300      2.104          988 
    K26N-H-V25HG1    126.177      9.300      1.143         2558 
    K26N-H-V25HG2    126.177      9.300      1.221         1108 
         K26N-H-H    126.177      9.300      9.300        20334 
        K26N-H-HA    126.177      9.300      4.982         1643 
       K26N-H-HB2    126.177      9.300      2.163         1186 
       K26N-H-HB3    126.177      9.300      1.842         2765 
       K26N-H-HD2    126.177      9.300      1.810         3000 
       K26N-H-HD3    126.177      9.300      1.748         2879 
       K26N-H-HE2    126.177      9.300      3.058          489 
       K26N-H-HE3    126.177      9.300      3.058          489 
       K26N-H-HG2    126.177      9.300      1.697         2811 
       K26N-H-HG3    126.177      9.300      1.587         1151 
      K26N-H-T27H    126.177      9.300      8.618          365 
      K26N-H-D29H    126.177      9.300      6.907          418 
    K26N-H-D29HB2    126.177      9.300      2.841          522 
    K26N-H-L66HD2    126.177      9.300      0.790          817 
    T27N-H-V25HG1    119.020      8.618      1.143          521 
      T27N-H-K26H    119.020      8.618      9.300         1379 
     T27N-H-K26HA    119.020      8.618      4.982         5815 
    T27N-H-K26HB2    119.020      8.618      2.163          548 
    T27N-H-K26HB3    119.020      8.618      1.842          641 
    T27N-H-K26HG3    119.020      8.618      1.587          354 
         T27N-H-H    119.020      8.618      8.618        15847 
        T27N-H-HA    119.020      8.618      3.662         1719 
        T27N-H-HB    119.020      8.618      4.434         1990 
       T27N-H-HG2    119.020      8.618      1.214          620 
      T27N-H-R28H    119.020      8.618      9.288         1353 
      T27N-H-D29H    119.020      8.618      6.907           99 
    T27N-H-L45HD1    119.020      8.618     -0.074          -65 
    T27N-H-L66HD2    119.020      8.618      0.790          971 
    T27N-H-W67HD1    119.020      8.618      7.248          995 
    T27N-H-W67HE1    119.020      8.618     10.189          464 
     R28N-H-K26HA    119.100      9.288      4.982          512 
    R28N-H-K26HB2    119.100      9.288      2.163         1448 
    R28N-H-K26HB3    119.100      9.288      1.842         1501 
      R28N-H-T27H    119.100      9.288      8.618          924 
     R28N-H-T27HA    119.100      9.288      3.662          672 
     R28N-H-T27HB    119.100      9.288      4.434         3246 
    R28N-H-T27HG2    119.100      9.288      1.214         1296 
         R28N-H-H    119.100      9.288      9.288        26874 
        R28N-H-HA    119.100      9.288      3.879         2209 
       R28N-H-HB2    119.100      9.288      2.045         3525 
       R28N-H-HB3    119.100      9.288      1.757         4741 
       R28N-H-HG2    119.100      9.288      1.804         3694 
       R28N-H-HG3    119.100      9.288      1.684         2186 
      R28N-H-D29H    119.100      9.288      6.907         1764 
      R28N-H-I30H    119.100      9.288      7.554          260 
    R28N-H-I38HD1    119.100      9.288      0.868          949 
      D29N-H-K26H    117.490      6.907      9.300         2543 
    D29N-H-K26HB2    117.490      6.907      2.163         1293 
    D29N-H-K26HB3    117.490      6.907      1.842         3629 
      D29N-H-T27H    117.490      6.907      8.618          314 
     D29N-H-T27HA    117.490      6.907      3.662          410 
      D29N-H-R28H    117.490      6.907      9.288         2528 
     D29N-H-R28HA    117.490      6.907      3.879          451 
    D29N-H-R28HB2    117.490      6.907      2.045          835 
    D29N-H-R28HB3    117.490      6.907      1.757         3119 
         D29N-H-H    117.490      6.907      6.907        34335 
        D29N-H-HA    117.490      6.907      4.550         2320 
       D29N-H-HB2    117.490      6.907      2.841         4245 
       D29N-H-HB3    117.490      6.907      2.632         2249 
      D29N-H-I30H    117.490      6.907      7.554         4366 
      D29N-H-A31H    117.490      6.907      8.269         1070 
    I30N-H-I12HG2    120.978      7.554      0.894         1258 
    I30N-H-V25HG1    120.978      7.554      1.143         1417 
     I30N-H-T27HA    120.978      7.554      3.662         1462 
      I30N-H-R28H    120.978      7.554      9.288          325 
     I30N-H-R28HA    120.978      7.554      3.879          284 
      I30N-H-D29H    120.978      7.554      6.907         3679 
     I30N-H-D29HA    120.978      7.554      4.550          913 
    I30N-H-D29HB2    120.978      7.554      2.841         2153 
    I30N-H-D29HB3    120.978      7.554      2.632          916 
         I30N-H-H    120.978      7.554      7.554        33960 
        I30N-H-HA    120.978      7.554      3.595         2627 
        I30N-H-HB    120.978      7.554      1.886         7191 
       I30N-H-HD1    120.978      7.554      0.599         3910 
      I30N-H-HG12    120.978      7.554      1.839         5557 
      I30N-H-HG13    120.978      7.554      0.621         4182 
       I30N-H-HG2    120.978      7.554      0.743         1693 
      I30N-H-A31H    120.978      7.554      8.269         5097 
     I30N-H-A31HB    120.978      7.554      1.465         1637 
      I30N-H-D32H    120.978      7.554      8.293         5032 
      I30N-H-A33H    120.978      7.554      7.536        32423 
    I30N-H-V41HG1    120.978      7.554      0.982          587 
     A31N-H-T27HA    121.171      8.269      3.662         1900 
    A31N-H-T27HG2    121.171      8.269      1.214          767 
     A31N-H-R28HA    121.171      8.269      3.879         1450 
      A31N-H-D29H    121.171      8.269      6.907          412 
      A31N-H-I30H    121.171      8.269      7.554         3699 
     A31N-H-I30HA    121.171      8.269      3.595         1217 
     A31N-H-I30HB    121.171      8.269      1.886         4351 
    A31N-H-I30HD1    121.171      8.269      0.599         1040 
   A31N-H-I30HG13    121.171      8.269      0.621         1030 
    A31N-H-I30HG2    121.171      8.269      0.743         1264 
         A31N-H-H    121.171      8.269      8.269        35234 
        A31N-H-HA    121.171      8.269      3.720         2411 
        A31N-H-HB    121.171      8.269      1.465         7342 
      A31N-H-D32H    121.171      8.269      8.293        31553 
      A31N-H-A33H    121.171      8.269      7.536         3424 
      A31N-H-A34H    121.171      8.269      8.296        31553 
    A31N-H-I38HD1    121.171      8.269      0.868          738 
    A31N-H-V41HG1    121.171      8.269      0.982         1889 
    A31N-H-V41HG2    121.171      8.269      0.917         1496 
     D32N-H-R28HA    116.467      8.293      3.879          151 
     D32N-H-D29HA    116.467      8.293      4.550         1037 
      D32N-H-I30H    116.467      8.293      7.554         3373 
      D32N-H-A31H    116.467      8.293      8.269        41366 
     D32N-H-A31HA    116.467      8.293      3.720          963 
     D32N-H-A31HB    116.467      8.293      1.465         5841 
         D32N-H-H    116.467      8.293      8.293        45737 
        D32N-H-HA    116.467      8.293      4.422         3011 
       D32N-H-HB2    116.467      8.293      2.814         5833 
       D32N-H-HB3    116.467      8.293      2.728         3755 
      D32N-H-A33H    116.467      8.293      7.536         3728 
     D32N-H-A33HB    116.467      8.293      1.529         2319 
      D32N-H-A34H    116.467      8.293      8.296        45737 
      D32N-H-G35H    116.467      8.293      7.911         -291 
    D32N-H-I38HD1    116.467      8.293      0.868          -17 
    A33N-H-I12HD1    120.859      7.536      0.741         1729 
    A33N-H-I12HG2    120.859      7.536      0.894         1449 
     A33N-H-D29HA    120.859      7.536      4.550          825 
      A33N-H-I30H    120.859      7.536      7.554        57091 
     A33N-H-I30HA    120.859      7.536      3.595         2107 
      A33N-H-A31H    120.859      7.536      8.269         8565 
     A33N-H-A31HA    120.859      7.536      3.720          728 
     A33N-H-A31HB    120.859      7.536      1.465         4904 
      A33N-H-D32H    120.859      7.536      8.293         9493 
     A33N-H-D32HA    120.859      7.536      4.422         1204 
    A33N-H-D32HB2    120.859      7.536      2.814         4318 
    A33N-H-D32HB3    120.859      7.536      2.728         3011 
         A33N-H-H    120.859      7.536      7.536        63384 
        A33N-H-HA    120.859      7.536      4.222         3595 
        A33N-H-HB    120.859      7.536      1.529        10898 
      A33N-H-A34H    120.859      7.536      8.296         9493 
     A33N-H-A34HB    120.859      7.536      1.243          930 
      A33N-H-G35H    120.859      7.536      7.911          464 
    A34N-H-I12HD1    118.203      8.296      0.741         2806 
    A34N-H-I12HG2    118.203      8.296      0.894          917 
     A34N-H-I30HA    118.203      8.296      3.595          138 
    A34N-H-I30HG2    118.203      8.296      0.743         2806 
      A34N-H-A31H    118.203      8.296      8.269        38527 
     A34N-H-A31HA    118.203      8.296      3.720          936 
      A34N-H-D32H    118.203      8.296      8.293        44754 
     A34N-H-D32HA    118.203      8.296      4.422          102 
      A34N-H-A33H    118.203      8.296      7.536         4555 
     A34N-H-A33HA    118.203      8.296      4.222         1193 
     A34N-H-A33HB    118.203      8.296      1.529         4206 
         A34N-H-H    118.203      8.296      8.296        44754 
        A34N-H-HA    118.203      8.296      4.101         2961 
        A34N-H-HB    118.203      8.296      1.243         8442 
      A34N-H-G35H    118.203      8.296      7.911         3877 
    A34N-H-G35HA2    118.203      8.296      3.968          571 
      A34N-H-L36H    118.203      8.296      7.758          647 
    G35N-H-I12HD1    107.752      7.911      0.741          366 
     G35N-H-A31HA    107.752      7.911      3.720          448 
     G35N-H-A31HB    107.752      7.911      1.465          769 
      G35N-H-D32H    107.752      7.911      8.293         5220 
     G35N-H-D32HA    107.752      7.911      4.422          998 
      G35N-H-A33H    107.752      7.911      7.536          616 
     G35N-H-A33HA    107.752      7.911      4.222          552 
     G35N-H-A33HB    107.752      7.911      1.529          949 
      G35N-H-A34H    107.752      7.911      8.296         5220 
     G35N-H-A34HA    107.752      7.911      4.101         1717 
     G35N-H-A34HB    107.752      7.911      1.243         2590 
         G35N-H-H    107.752      7.911      7.911        39142 
       G35N-H-HA2    107.752      7.911      3.968         8851 
       G35N-H-HA3    107.752      7.911      3.968         8851 
      G35N-H-L36H    107.752      7.911      7.758         4340 
    G35N-H-L36HB2    107.752      7.911      1.699          186 
     G35N-H-L36HG    107.752      7.911      1.536          949 
     L36N-H-A31HA    118.719      7.758      3.720         1244 
     L36N-H-A31HB    118.719      7.758      1.465         1603 
      L36N-H-A34H    118.719      7.758      8.296          788 
     L36N-H-A34HB    118.719      7.758      1.243         2598 
      L36N-H-G35H    118.719      7.758      7.911         4035 
    L36N-H-G35HA2    118.719      7.758      3.968         2729 
    L36N-H-G35HA3    118.719      7.758      3.968         2729 
         L36N-H-H    118.719      7.758      7.758        43839 
        L36N-H-HA    118.719      7.758      4.887         2011 
       L36N-H-HB2    118.719      7.758      1.699         1452 
       L36N-H-HB3    118.719      7.758      1.334         3200 
       L36N-H-HD1    118.719      7.758      0.784          987 
       L36N-H-HD2    118.719      7.758      0.966         1390 
        L36N-H-HG    118.719      7.758      1.536         2392 
      L36N-H-S37H    118.719      7.758      8.603          493 
    L36N-H-V41HG2    118.719      7.758      0.917         1089 
      S37N-H-L36H    115.095      8.603      7.758          805 
     S37N-H-L36HA    115.095      8.603      4.887         6984 
    S37N-H-L36HB2    115.095      8.603      1.699         3246 
    S37N-H-L36HB3    115.095      8.603      1.334         1618 
    S37N-H-L36HD1    115.095      8.603      0.784          661 
    S37N-H-L36HD2    115.095      8.603      0.966         1836 
         S37N-H-H    115.095      8.603      8.603        34128 
        S37N-H-HA    115.095      8.603      4.565         2066 
       S37N-H-HB2    115.095      8.603      4.409         1476 
       S37N-H-HB3    115.095      8.603      4.105         2824 
      S37N-H-I38H    115.095      8.603      8.822          426 
      S37N-H-Q40H    115.095      8.603      7.687          632 
    S37N-H-Q40HB2    115.095      8.603      2.303         1791 
    S37N-H-Q40HB3    115.095      8.603      2.069         1023 
      S37N-H-V41H    115.095      8.603      8.494           55 
    S37N-H-V41HG2    115.095      8.603      0.917         1356 
     I38N-H-A31HB    122.026      8.822      1.465         2815 
      I38N-H-S37H    122.026      8.822      8.603          420 
     I38N-H-S37HA    122.026      8.822      4.565         6190 
    I38N-H-S37HB2    122.026      8.822      4.409         2947 
    I38N-H-S37HB3    122.026      8.822      4.105         1184 
         I38N-H-H    122.026      8.822      8.822        25701 
        I38N-H-HA    122.026      8.822      3.650         2910 
        I38N-H-HB    122.026      8.822      1.858         5031 
       I38N-H-HD1    122.026      8.822      0.868         3178 
      I38N-H-HG12    122.026      8.822      1.492         3056 
      I38N-H-HG13    122.026      8.822      1.167         2351 
       I38N-H-HG2    122.026      8.822      0.854         3178 
      I38N-H-Y39H    122.026      8.822      7.839         1784 
      I38N-H-Q40H    122.026      8.822      7.687          183 
    I38N-H-V41HG2    122.026      8.822      0.917         2171 
     Y39N-H-S37HA    118.759      7.839      4.565          337 
    Y39N-H-S37HB3    118.759      7.839      4.105         3347 
      Y39N-H-I38H    118.759      7.839      8.822         1891 
     Y39N-H-I38HA    118.759      7.839      3.650          864 
     Y39N-H-I38HB    118.759      7.839      1.858         2450 
    Y39N-H-I38HD1    118.759      7.839      0.868         2211 
   Y39N-H-I38HG12    118.759      7.839      1.492          933 
   Y39N-H-I38HG13    118.759      7.839      1.167          486 
    Y39N-H-I38HG2    118.759      7.839      0.854         2211 
         Y39N-H-H    118.759      7.839      7.839        40371 
        Y39N-H-HA    118.759      7.839      4.112         3470 
       Y39N-H-HB2    118.759      7.839      3.122         4151 
       Y39N-H-HB3    118.759      7.839      2.971         3929 
       Y39N-H-HD1    118.759      7.839      7.116          777 
       Y39N-H-HD2    118.759      7.839      7.116          777 
      Y39N-H-Q40H    118.759      7.839      7.687         2616 
      Y39N-H-V41H    118.759      7.839      8.494          214 
      Y39N-H-R42H    118.759      7.839      8.179          322 
      Q40N-H-S37H    116.772      7.687      8.603          480 
    Q40N-H-S37HB3    116.772      7.687      4.105         1157 
      Q40N-H-I38H    116.772      7.687      8.822          318 
      Q40N-H-Y39H    116.772      7.687      7.839         2620 
     Q40N-H-Y39HA    116.772      7.687      4.112         1256 
    Q40N-H-Y39HB2    116.772      7.687      3.122         1386 
    Q40N-H-Y39HB3    116.772      7.687      2.971         2164 
    Q40N-H-Y39HD2    116.772      7.687      7.116          844 
         Q40N-H-H    116.772      7.687      7.687        32700 
        Q40N-H-HA    116.772      7.687      3.865         2594 
       Q40N-H-HB2    116.772      7.687      2.303         3957 
       Q40N-H-HB3    116.772      7.687      2.069         1998 
       Q40N-H-HG2    116.772      7.687      2.495         1534 
       Q40N-H-HG3    116.772      7.687      2.432         2213 
      Q40N-H-V41H    116.772      7.687      8.494         3543 
    Q40N-H-V41HG2    116.772      7.687      0.917          596 
      Q40N-H-R42H    116.772      7.687      8.179           37 
  Q40NE2-HE21-HB2    112.667      7.188      2.303          135 
  Q40NE2-HE21-HB3    112.667      7.188      2.069          172 
 Q40NE2-HE21-HE21    112.667      7.188      7.188        49322 
 Q40NE2-HE21-HE22    112.667      7.188      7.032        24878 
  Q40NE2-HE21-HG2    112.667      7.188      2.495         2618 
  Q40NE2-HE21-HG3    112.667      7.188      2.432         2464 
Q40NE2-HE21-Y44HE2    112.667      7.188      6.759          217 
 Q40NE2-HE22-HE21    112.667      7.032      7.188        26833 
 Q40NE2-HE22-HE22    112.667      7.032      7.032        94792 
  Q40NE2-HE22-HG2    112.667      7.032      2.495         1008 
  Q40NE2-HE22-HG3    112.667      7.032      2.432          866 
     V41N-H-A31HB    117.192      8.494      1.465          785 
    V41N-H-L36HB2    117.192      8.494      1.699          667 
    V41N-H-L36HB3    117.192      8.494      1.334          613 
    V41N-H-L36HD1    117.192      8.494      0.784          548 
      V41N-H-S37H    117.192      8.494      8.603           59 
     V41N-H-I38HA    117.192      8.494      3.650         1265 
      V41N-H-Y39H    117.192      8.494      7.839          298 
     V41N-H-Y39HA    117.192      8.494      4.112          244 
      V41N-H-Q40H    117.192      8.494      7.687         3341 
     V41N-H-Q40HA    117.192      8.494      3.865         2998 
    V41N-H-Q40HB2    117.192      8.494      2.303         1572 
    V41N-H-Q40HB3    117.192      8.494      2.069         1657 
    V41N-H-Q40HG2    117.192      8.494      2.495          233 
    V41N-H-Q40HG3    117.192      8.494      2.432           93 
         V41N-H-H    117.192      8.494      8.494        34308 
        V41N-H-HA    117.192      8.494      3.835         2994 
        V41N-H-HB    117.192      8.494      1.977         5617 
       V41N-H-HG1    117.192      8.494      0.982         3769 
       V41N-H-HG2    117.192      8.494      0.917         2982 
      V41N-H-R42H    117.192      8.494      8.179         2742 
      V41N-H-L43H    117.192      8.494      6.982          935 
    R42N-H-T27HG2    120.574      8.179      1.214          439 
     R42N-H-I38HA    120.574      8.179      3.650         1575 
    R42N-H-I38HG2    120.574      8.179      0.854          641 
      R42N-H-Y39H    120.574      8.179      7.839          143 
     R42N-H-Y39HA    120.574      8.179      4.112          876 
      R42N-H-Q40H    120.574      8.179      7.687           57 
     R42N-H-Q40HA    120.574      8.179      3.865         1458 
      R42N-H-V41H    120.574      8.179      8.494         2849 
     R42N-H-V41HA    120.574      8.179      3.835         1519 
     R42N-H-V41HB    120.574      8.179      1.977         5538 
    R42N-H-V41HG1    120.574      8.179      0.982         3134 
    R42N-H-V41HG2    120.574      8.179      0.917         1342 
         R42N-H-H    120.574      8.179      8.179        37641 
        R42N-H-HA    120.574      8.179      3.708         2765 
       R42N-H-HB2    120.574      8.179      1.989         5538 
       R42N-H-HB3    120.574      8.179      1.907         7191 
       R42N-H-HG2    120.574      8.179      1.932         7489 
       R42N-H-HG3    120.574      8.179      1.759         1307 
      R42N-H-L43H    120.574      8.179      6.982         2326 
     R42N-H-L43HG    120.574      8.179      1.475         1001 
      R42N-H-Y44H    120.574      8.179      7.026         1700 
      R42N-H-L45H    120.574      8.179      8.429         1091 
    R42N-H-L45HD1    120.574      8.179     -0.074          446 
     L43N-H-Y39HA    117.189      6.982      4.112          171 
     L43N-H-Q40HA    117.189      6.982      3.865         2413 
      L43N-H-V41H    117.189      6.982      8.494          637 
     L43N-H-V41HA    117.189      6.982      3.835         1157 
      L43N-H-R42H    117.189      6.982      8.179         2803 
     L43N-H-R42HA    117.189      6.982      3.708         1048 
    L43N-H-R42HB2    117.189      6.982      1.989         2015 
    L43N-H-R42HB3    117.189      6.982      1.907         2487 
    L43N-H-R42HG3    117.189      6.982      1.759          566 
         L43N-H-H    117.189      6.982      6.982        50052 
        L43N-H-HA    117.189      6.982      3.939         3372 
       L43N-H-HB2    117.189      6.982      1.553         6048 
       L43N-H-HB3    117.189      6.982      1.216         3083 
       L43N-H-HD1    117.189      6.982      0.724         1275 
       L43N-H-HD2    117.189      6.982      0.656         1436 
        L43N-H-HG    117.189      6.982      1.475         5499 
      L43N-H-Y44H    117.189      6.982      7.026        39229 
    L43N-H-Y44HB2    117.189      6.982      2.765          871 
      L43N-H-L45H    117.189      6.982      8.429          916 
      L43N-H-E46H    117.189      6.982      8.309          160 
     Y44N-H-Q40HA    117.020      7.026      3.865         1382 
     Y44N-H-V41HA    117.020      7.026      3.835         1148 
    Y44N-H-V41HG1    117.020      7.026      0.982          568 
      Y44N-H-R42H    117.020      7.026      8.179          403 
     Y44N-H-R42HA    117.020      7.026      3.708          452 
      Y44N-H-L43H    117.020      7.026      6.982        32548 
     Y44N-H-L43HA    117.020      7.026      3.939         1143 
    Y44N-H-L43HB2    117.020      7.026      1.553         2679 
    Y44N-H-L43HB3    117.020      7.026      1.216         1602 
    Y44N-H-L43HD1    117.020      7.026      0.724          580 
    Y44N-H-L43HD2    117.020      7.026      0.656          443 
     Y44N-H-L43HG    117.020      7.026      1.475         1443 
         Y44N-H-H    117.020      7.026      7.026        37927 
        Y44N-H-HA    117.020      7.026      4.253         2002 
       Y44N-H-HB2    117.020      7.026      2.765         5224 
       Y44N-H-HB3    117.020      7.026      2.765         5224 
       Y44N-H-HD1    117.020      7.026      7.023        37927 
       Y44N-H-HD2    117.020      7.026      7.023        37927 
      Y44N-H-L45H    117.020      7.026      8.429         3190 
     Y44N-H-L45HG    117.020      7.026      1.495         2192 
      Y44N-H-E46H    117.020      7.026      8.309          217 
      Y44N-H-Q47H    117.020      7.026      7.493         -124 
     L45N-H-V41HA    119.649      8.429      3.835          147 
    L45N-H-V41HG1    119.649      8.429      0.982         2139 
      L45N-H-R42H    119.649      8.429      8.179          -51 
     L45N-H-R42HA    119.649      8.429      3.708         1105 
      L45N-H-L43H    119.649      8.429      6.982         2990 
     L45N-H-L43HA    119.649      8.429      3.939         -151 
      L45N-H-Y44H    119.649      8.429      7.026         3329 
     L45N-H-Y44HA    119.649      8.429      4.253         1349 
    L45N-H-Y44HB2    119.649      8.429      2.765         2596 
    L45N-H-Y44HB3    119.649      8.429      2.765         2596 
         L45N-H-H    119.649      8.429      8.429        21195 
        L45N-H-HA    119.649      8.429      3.486         1720 
       L45N-H-HB2    119.649      8.429      1.029         2752 
       L45N-H-HB3    119.649      8.429     -0.659         1330 
       L45N-H-HD1    119.649      8.429     -0.074         1908 
       L45N-H-HD2    119.649      8.429     -0.038         1877 
        L45N-H-HG    119.649      8.429      1.495         5174 
      L45N-H-E46H    119.649      8.429      8.309         1581 
      L45N-H-Q47H    119.649      8.429      7.493          182 
      L45N-H-L48H    119.649      8.429      8.160          159 
    L45N-H-L48HD1    119.649      8.429      0.727          571 
     E46N-H-R42HA    117.366      8.309      3.708          773 
      E46N-H-L43H    117.366      8.309      6.982          573 
     E46N-H-L43HA    117.366      8.309      3.939          816 
      E46N-H-Y44H    117.366      8.309      7.026          538 
     E46N-H-Y44HA    117.366      8.309      4.253         1762 
      E46N-H-L45H    117.366      8.309      8.429         2059 
     E46N-H-L45HA    117.366      8.309      3.486          506 
    E46N-H-L45HB2    117.366      8.309      1.029         2204 
    E46N-H-L45HB3    117.366      8.309     -0.659          929 
    E46N-H-L45HD1    117.366      8.309     -0.074          196 
    E46N-H-L45HD2    117.366      8.309     -0.038          364 
     E46N-H-L45HG    117.366      8.309      1.495          635 
         E46N-H-H    117.366      8.309      8.309        28823 
        E46N-H-HA    117.366      8.309      4.286         2134 
       E46N-H-HB2    117.366      8.309      2.227         2275 
       E46N-H-HB3    117.366      8.309      2.113         3742 
       E46N-H-HG2    117.366      8.309      2.575         4565 
       E46N-H-HG3    117.366      8.309      2.575         4565 
      E46N-H-Q47H    117.366      8.309      7.493         2350 
      E46N-H-L48H    117.366      8.309      8.160         -151 
      E46N-H-H49H    117.366      8.309      8.864          175 
    E46N-H-W67HH2    117.366      8.309      6.933          296 
     Q47N-H-L43HA    119.345      7.493      3.939          473 
      Q47N-H-Y44H    119.345      7.493      7.026          354 
     Q47N-H-Y44HA    119.345      7.493      4.253         4904 
      Q47N-H-L45H    119.345      7.493      8.429          182 
     Q47N-H-L45HA    119.345      7.493      3.486          428 
      Q47N-H-E46H    119.345      7.493      8.309         2953 
     Q47N-H-E46HA    119.345      7.493      4.286         4246 
    Q47N-H-E46HB2    119.345      7.493      2.227         4864 
    Q47N-H-E46HB3    119.345      7.493      2.113         2590 
         Q47N-H-H    119.345      7.493      7.493        43840 
        Q47N-H-HA    119.345      7.493      4.243         4904 
       Q47N-H-HB2    119.345      7.493      2.319         6767 
       Q47N-H-HB3    119.345      7.493      2.264         6422 
       Q47N-H-HG2    119.345      7.493      2.642         2899 
       Q47N-H-HG3    119.345      7.493      2.425         1381 
      Q47N-H-L48H    119.345      7.493      8.160         3494 
    Q47N-H-L48HB2    119.345      7.493      2.086         2249 
     Q47N-H-L48HG    119.345      7.493      1.924          290 
      Q47N-H-H49H    119.345      7.493      8.864          578 
      Q47N-H-D50H    119.345      7.493      8.683          156 
  Q47NE2-HE21-HB2    109.772      7.309      2.319          306 
  Q47NE2-HE21-HB3    109.772      7.309      2.264          339 
 Q47NE2-HE21-HE21    109.772      7.309      7.309        56228 
 Q47NE2-HE21-HE22    109.772      7.309      6.632        33354 
  Q47NE2-HE21-HG2    109.772      7.309      2.642         1192 
  Q47NE2-HE21-HG3    109.772      7.309      2.425         1212 
  Q47NE2-HE22-HB3    109.772      6.632      2.264           13 
 Q47NE2-HE22-HE21    109.772      6.632      7.309        25089 
 Q47NE2-HE22-HE22    109.772      6.632      6.632        35846 
  Q47NE2-HE22-HG2    109.772      6.632      2.642          343 
  Q47NE2-HE22-HG3    109.772      6.632      2.425          170 
     L48N-H-Y44HA    118.594      8.160      4.253         2693 
      L48N-H-L45H    118.594      8.160      8.429         1070 
     L48N-H-L45HA    118.594      8.160      3.486          998 
      L48N-H-E46H    118.594      8.160      8.309         1415 
     L48N-H-E46HA    118.594      8.160      4.286         2080 
      L48N-H-Q47H    118.594      8.160      7.493         2942 
     L48N-H-Q47HA    118.594      8.160      4.243         2693 
    L48N-H-Q47HB2    118.594      8.160      2.319         2696 
    L48N-H-Q47HB3    118.594      8.160      2.264         2603 
         L48N-H-H    118.594      8.160      8.160        40272 
        L48N-H-HA    118.594      8.160      4.211         2703 
       L48N-H-HB2    118.594      8.160      2.086         3499 
       L48N-H-HB3    118.594      8.160      1.159         2173 
       L48N-H-HD1    118.594      8.160      0.727         1939 
       L48N-H-HD2    118.594      8.160      0.805         2436 
        L48N-H-HG    118.594      8.160      1.924         4361 
      L48N-H-H49H    118.594      8.160      8.864         2447 
      L48N-H-D50H    118.594      8.160      8.683          931 
    L48N-H-V51HG2    118.594      8.160      1.160         2173 
    L48N-H-L54HD1    118.594      8.160      0.782         2564 
     H49N-H-L45HA    122.537      8.864      3.486         2228 
      H49N-H-E46H    122.537      8.864      8.309          257 
     H49N-H-E46HA    122.537      8.864      4.286         1936 
      H49N-H-Q47H    122.537      8.864      7.493          363 
     H49N-H-Q47HA    122.537      8.864      4.243         1829 
      H49N-H-L48H    122.537      8.864      8.160         2583 
     H49N-H-L48HA    122.537      8.864      4.211         1175 
    H49N-H-L48HB2    122.537      8.864      2.086         1286 
    H49N-H-L48HB3    122.537      8.864      1.159         1204 
    H49N-H-L48HD1    122.537      8.864      0.727          827 
    H49N-H-L48HD2    122.537      8.864      0.805         1295 
     H49N-H-L48HG    122.537      8.864      1.924          498 
         H49N-H-H    122.537      8.864      8.864        24967 
        H49N-H-HA    122.537      8.864      5.162         1875 
       H49N-H-HB2    122.537      8.864      3.909         3946 
       H49N-H-HB3    122.537      8.864      3.430         3657 
      H49N-H-D50H    122.537      8.864      8.683         3043 
      H49N-H-V51H    122.537      8.864      7.606          835 
    H49N-H-V51HG2    122.537      8.864      1.160         1204 
      H49N-H-L54H    122.537      8.864      6.835          146 
    H49N-H-L54HB2    122.537      8.864      1.806          212 
    H49N-H-L54HD1    122.537      8.864      0.782         1305 
     D50N-H-E46HA    123.169      8.683      4.286         1694 
      D50N-H-Q47H    123.169      8.683      7.493          166 
     D50N-H-Q47HA    123.169      8.683      4.243         1495 
      D50N-H-L48H    123.169      8.683      8.160          606 
     D50N-H-L48HA    123.169      8.683      4.211          979 
      D50N-H-H49H    123.169      8.683      8.864         2462 
     D50N-H-H49HA    123.169      8.683      5.162          663 
    D50N-H-H49HB2    123.169      8.683      3.909         2283 
    D50N-H-H49HB3    123.169      8.683      3.430         1169 
         D50N-H-H    123.169      8.683      8.683        27949 
        D50N-H-HA    123.169      8.683      4.356         2489 
       D50N-H-HB2    123.169      8.683      3.084         4437 
       D50N-H-HB3    123.169      8.683      2.819         2457 
      D50N-H-V51H    123.169      8.683      7.606         2471 
    D50N-H-V51HG1    123.169      8.683      1.081          456 
    D50N-H-V51HG2    123.169      8.683      1.160          422 
      D50N-H-G52H    123.169      8.683      7.696          669 
     V51N-H-Q47HA    109.266      7.606      4.243         1016 
     V51N-H-L48HA    109.266      7.606      4.211         1290 
      V51N-H-H49H    109.266      7.606      8.864          213 
     V51N-H-H49HA    109.266      7.606      5.162          464 
      V51N-H-D50H    109.266      7.606      8.683         2273 
     V51N-H-D50HA    109.266      7.606      4.356          937 
    V51N-H-D50HB2    109.266      7.606      3.084         1805 
    V51N-H-D50HB3    109.266      7.606      2.819         1471 
         V51N-H-H    109.266      7.606      7.606        38424 
        V51N-H-HA    109.266      7.606      4.514         2377 
        V51N-H-HB    109.266      7.606      2.542         1443 
       V51N-H-HG1    109.266      7.606      1.081         5002 
       V51N-H-HG2    109.266      7.606      1.160         6791 
      V51N-H-G52H    109.266      7.606      7.696         6954 
      V51N-H-V53H    109.266      7.606      8.046          605 
    V51N-H-V53HG2    109.266      7.606      0.927          482 
     G52N-H-L48HA    108.681      7.696      4.211         2735 
     G52N-H-H49HA    108.681      7.696      5.162          347 
      G52N-H-D50H    108.681      7.696      8.683          231 
     G52N-H-D50HA    108.681      7.696      4.356          513 
      G52N-H-V51H    108.681      7.696      7.606         4985 
     G52N-H-V51HA    108.681      7.696      4.514         1256 
     G52N-H-V51HB    108.681      7.696      2.542          262 
    G52N-H-V51HG1    108.681      7.696      1.081         1008 
    G52N-H-V51HG2    108.681      7.696      1.160         1157 
         G52N-H-H    108.681      7.696      7.696        32705 
       G52N-H-HA2    108.681      7.696      4.172         3478 
       G52N-H-HA3    108.681      7.696      3.938         4864 
      G52N-H-V53H    108.681      7.696      8.046         3238 
     G52N-H-V53HB    108.681      7.696      1.940          340 
    G52N-H-V53HG2    108.681      7.696      0.927          715 
      G52N-H-L54H    108.681      7.696      6.835          429 
     V53N-H-L48HA    117.892      8.046      4.211         1112 
    V53N-H-L48HB3    117.892      8.046      1.159         2564 
    V53N-H-L48HD2    117.892      8.046      0.805         1228 
     V53N-H-H49HA    117.892      8.046      5.162          464 
      V53N-H-V51H    117.892      8.046      7.606          458 
    V53N-H-V51HG2    117.892      8.046      1.160         2564 
      V53N-H-G52H    117.892      8.046      7.696         2734 
    V53N-H-G52HA2    117.892      8.046      4.172         1439 
    V53N-H-G52HA3    117.892      8.046      3.938         1007 
         V53N-H-H    117.892      8.046      8.046        31034 
        V53N-H-HA    117.892      8.046      4.079         2379 
        V53N-H-HB    117.892      8.046      1.940         4706 
       V53N-H-HG1    117.892      8.046      0.891         4156 
       V53N-H-HG2    117.892      8.046      0.927         4953 
      V53N-H-L54H    117.892      8.046      6.835         5535 
     L54N-H-L48HA    114.848      6.835      4.211          400 
    L54N-H-L48HB2    114.848      6.835      2.086          417 
    L54N-H-L48HB3    114.848      6.835      1.159         1001 
      L54N-H-H49H    114.848      6.835      8.864           33 
     L54N-H-H49HA    114.848      6.835      5.162         1948 
    L54N-H-V51HG2    114.848      6.835      1.160         1001 
      L54N-H-G52H    114.848      6.835      7.696          424 
    L54N-H-G52HA2    114.848      6.835      4.172          317 
      L54N-H-V53H    114.848      6.835      8.046         5628 
     L54N-H-V53HA    114.848      6.835      4.079          636 
     L54N-H-V53HB    114.848      6.835      1.940         2201 
    L54N-H-V53HG1    114.848      6.835      0.891         2830 
    L54N-H-V53HG2    114.848      6.835      0.927         2192 
         L54N-H-H    114.848      6.835      6.835        29570 
        L54N-H-HA    114.848      6.835      5.348         1465 
       L54N-H-HB2    114.848      6.835      1.806         1029 
       L54N-H-HB3    114.848      6.835      1.515         2931 
       L54N-H-HD1    114.848      6.835      0.782         1307 
       L54N-H-HD2    114.848      6.835      0.877         2830 
        L54N-H-HG    114.848      6.835      1.578         2235 
      L54N-H-E55H    114.848      6.835      9.549          156 
      E55N-H-L54H    121.431      9.549      6.835          380 
     E55N-H-L54HA    121.431      9.549      5.348         5690 
    E55N-H-L54HB2    121.431      9.549      1.806         2042 
    E55N-H-L54HB3    121.431      9.549      1.515         2059 
    E55N-H-L54HD2    121.431      9.549      0.877         2005 
         E55N-H-H    121.431      9.549      9.549        22829 
        E55N-H-HA    121.431      9.549      4.826         1345 
       E55N-H-HB2    121.431      9.549      1.962         4025 
       E55N-H-HB3    121.431      9.549      1.962         4025 
       E55N-H-HG3    121.431      9.549      1.994         3843 
      E55N-H-K56H    121.431      9.549      8.513          183 
      E55N-H-R68H    121.431      9.549      8.772         1356 
     E55N-H-R68HA    121.431      9.549      4.832         1345 
      E55N-H-L69H    121.431      9.549      9.355          129 
     E55N-H-L69HA    121.431      9.549      4.557          492 
    E55N-H-L70HD2    121.431      9.549      0.846         2113 
      K56N-H-E55H    126.539      8.513      9.549          290 
     K56N-H-E55HA    126.539      8.513      4.826         6368 
    K56N-H-E55HB2    126.539      8.513      1.962         1767 
    K56N-H-E55HB3    126.539      8.513      1.962         1767 
    K56N-H-E55HG2    126.539      8.513      2.259         1086 
    K56N-H-E55HG3    126.539      8.513      1.994         1804 
         K56N-H-H    126.539      8.513      8.513        20525 
        K56N-H-HA    126.539      8.513      4.151          933 
       K56N-H-HB2    126.539      8.513      1.208         2245 
       K56N-H-HB3    126.539      8.513      0.788         2167 
       K56N-H-HG2    126.539      8.513      0.525           60 
       K56N-H-HG3    126.539      8.513      0.039          203 
      K56N-H-V57H    126.539      8.513      8.279          270 
    K56N-H-V57HG2    126.539      8.513      0.681          189 
      V57N-H-K56H    126.540      8.279      8.513          359 
     V57N-H-K56HA    126.540      8.279      4.151         4046 
    V57N-H-K56HB2    126.540      8.279      1.208          723 
    V57N-H-K56HB3    126.540      8.279      0.788         1413 
         V57N-H-H    126.540      8.279      8.279        15453 
        V57N-H-HA    126.540      8.279      3.820          913 
        V57N-H-HB    126.540      8.279      1.648         2287 
       V57N-H-HG1    126.540      8.279      0.810         1347 
       V57N-H-HG2    126.540      8.279      0.681         2465 
      V57N-H-N58H    126.540      8.279      8.383         1253 
      V57N-H-L66H    126.540      8.279      7.534          608 
    V57N-H-L66HB2    126.540      8.279      1.358          224 
     V57N-H-W67HA    126.540      8.279      5.526          736 
      V57N-H-R68H    126.540      8.279      8.772          391 
      N58N-H-V57H    121.767      8.383      8.279          485 
     N58N-H-V57HA    121.767      8.383      3.820         4160 
     N58N-H-V57HB    121.767      8.383      1.648          476 
    N58N-H-V57HG1    121.767      8.383      0.810         1636 
    N58N-H-V57HG2    121.767      8.383      0.681          370 
         N58N-H-H    121.767      8.383      8.383        14310 
        N58N-H-HA    121.767      8.383      4.612         1677 
       N58N-H-HB2    121.767      8.383      2.758         2233 
       N58N-H-HB3    121.767      8.383      2.758         2233 
      N58N-H-A59H    121.767      8.383      8.165          346 
   N58ND2-HD21-HA    112.519      7.511      4.612          314 
  N58ND2-HD21-HB2    112.519      7.511      2.758         3122 
  N58ND2-HD21-HB3    112.519      7.511      2.758         3122 
 N58ND2-HD21-HD21    112.519      7.511      7.511        26433 
 N58ND2-HD21-HD22    112.519      7.511      6.969        17346 
N58ND2-HD21-V63HG2    112.519      7.511      0.779         1928 
  N58ND2-HD22-HB2    112.519      6.969      2.758         1721 
  N58ND2-HD22-HB3    112.519      6.969      2.758         1721 
 N58ND2-HD22-HD21    112.519      6.969      7.511        17442 
 N58ND2-HD22-HD22    112.519      6.969      6.969        34169 
N58ND2-HD22-V63HG2    112.519      6.969      0.779         1776 
      A59N-H-N58H    125.082      8.165      8.383          449 
     A59N-H-N58HA    125.082      8.165      4.612         3489 
    A59N-H-N58HB2    125.082      8.165      2.758         1011 
    A59N-H-N58HB3    125.082      8.165      2.758         1011 
         A59N-H-H    125.082      8.165      8.165        15787 
        A59N-H-HA    125.082      8.165      4.251          846 
        A59N-H-HB    125.082      8.165      1.334         3475 
      A59N-H-G60H    125.082      8.165      8.291         -132 
    A59N-H-V63HG2    125.082      8.165      0.779          342 
      G60N-H-A59H    108.518      8.291      8.165          240 
     G60N-H-A59HA    108.518      8.291      4.251          321 
     G60N-H-A59HB    108.518      8.291      1.334          114 
         G60N-H-H    108.518      8.291      8.291          253 
       G60N-H-HA2    108.518      8.291      4.165          354 
       G60N-H-HA3    108.518      8.291      3.853          246 
      G60N-H-K61H    108.518      8.291      8.189          312 
    G60N-H-V63HG2    108.518      8.291      0.779           27 
      K61N-H-G60H    120.532      8.189      8.291          493 
    K61N-H-G60HA2    120.532      8.189      4.165         1676 
    K61N-H-G60HA3    120.532      8.189      3.853         2462 
         K61N-H-H    120.532      8.189      8.189        44959 
        K61N-H-HA    120.532      8.189      4.320          518 
       K61N-H-HB2    120.532      8.189      1.887         7201 
       K61N-H-HB3    120.532      8.189      1.808         2551 
       K61N-H-HG3    120.532      8.189      1.376          446 
      K61N-H-G62H    120.532      8.189      8.767          234 
    K61N-H-V63HG2    120.532      8.189      0.779          497 
      G62N-H-K61H    111.547      8.767      8.189          108 
     G62N-H-K61HA    111.547      8.767      4.320         1176 
    G62N-H-K61HB2    111.547      8.767      1.887           14 
    G62N-H-K61HB3    111.547      8.767      1.808           -0 
         G62N-H-H    111.547      8.767      8.767         1361 
       G62N-H-HA2    111.547      8.767      4.021          627 
       G62N-H-HA3    111.547      8.767      3.849          830 
      G62N-H-V63H    111.547      8.767      7.379          625 
    G62N-H-V63HG2    111.547      8.767      0.779          160 
      V63N-H-G62H    117.546      7.379      8.767          658 
    V63N-H-G62HA2    117.546      7.379      4.021         1030 
    V63N-H-G62HA3    117.546      7.379      3.849         1609 
         V63N-H-H    117.546      7.379      7.379        46637 
        V63N-H-HA    117.546      7.379      4.591         1827 
        V63N-H-HB    117.546      7.379      2.112         2749 
       V63N-H-HG1    117.546      7.379      0.961         1362 
       V63N-H-HG2    117.546      7.379      0.779         4639 
     G65N-H-P64HA    109.819      8.463      4.458         5687 
    G65N-H-P64HB2    109.819      8.463      2.435          955 
    G65N-H-P64HB3    109.819      8.463      2.033          539 
         G65N-H-H    109.819      8.463      8.463        18731 
       G65N-H-HA2    109.819      8.463      3.882         1997 
       G65N-H-HA3    109.819      8.463      3.602         3057 
      G65N-H-L66H    109.819      8.463      7.534          805 
      L66N-H-V57H    122.249      7.534      8.279          326 
     L66N-H-V57HB    122.249      7.534      1.648          677 
    L66N-H-V57HG1    122.249      7.534      0.810         1302 
      L66N-H-G65H    122.249      7.534      8.463          486 
    L66N-H-G65HA2    122.249      7.534      3.882         3611 
    L66N-H-G65HA3    122.249      7.534      3.602         2269 
         L66N-H-H    122.249      7.534      7.534        23354 
        L66N-H-HA    122.249      7.534      4.940         1326 
       L66N-H-HB2    122.249      7.534      1.358         2025 
       L66N-H-HB3    122.249      7.534      1.130          742 
       L66N-H-HD1    122.249      7.534      0.790         1532 
       L66N-H-HD2    122.249      7.534      0.790         1532 
        L66N-H-HG    122.249      7.534      1.489         1054 
      L66N-H-W67H    122.249      7.534      8.916          523 
    W67N-H-P24HB2    121.160      8.916      1.882          658 
      W67N-H-V25H    121.160      8.916      9.334         1541 
     W67N-H-V25HB    121.160      8.916      2.104          417 
    W67N-H-V25HG1    121.160      8.916      1.143         1028 
    W67N-H-V25HG2    121.160      8.916      1.221          322 
     W67N-H-K26HA    121.160      8.916      4.982         3243 
      W67N-H-L66H    121.160      8.916      7.534          179 
     W67N-H-L66HA    121.160      8.916      4.940         3875 
    W67N-H-L66HB2    121.160      8.916      1.358          380 
    W67N-H-L66HB3    121.160      8.916      1.130         1002 
    W67N-H-L66HD1    121.160      8.916      0.790         1066 
    W67N-H-L66HD2    121.160      8.916      0.790         1066 
         W67N-H-H    121.160      8.916      8.916        11821 
        W67N-H-HA    121.160      8.916      5.526          908 
       W67N-H-HB2    121.160      8.916      3.118          657 
       W67N-H-HB3    121.160      8.916      2.792         1131 
       W67N-H-HD1    121.160      8.916      7.248         1153 
      W67N-H-R68H    121.160      8.916      8.772          411 
  W67NE1-HE1-T27H    130.898     10.189      8.618          565 
 W67NE1-HE1-T27HA    130.898     10.189      3.662         1035 
 W67NE1-HE1-T27HB    130.898     10.189      4.434          426 
W67NE1-HE1-T27HG2    130.898     10.189      1.214          931 
W67NE1-HE1-I30HD1    130.898     10.189      0.599          475 
W67NE1-HE1-L45HD1    130.898     10.189     -0.074         1870 
   W67NE1-HE1-HB2    130.898     10.189      3.118          141 
   W67NE1-HE1-HD1    130.898     10.189      7.248         3177 
   W67NE1-HE1-HE1    130.898     10.189     10.189        23097 
   W67NE1-HE1-HH2    130.898     10.189      6.933           76 
   W67NE1-HE1-HZ2    130.898     10.189      7.371         1494 
    R68N-H-L54HB3    117.471      8.772      1.515         1902 
    R68N-H-L54HD2    117.471      8.772      0.877         1254 
      R68N-H-E55H    117.471      8.772      9.549         2086 
     R68N-H-K56HA    117.471      8.772      4.151          599 
      R68N-H-V57H    117.471      8.772      8.279          365 
    R68N-H-V57HG2    117.471      8.772      0.681          787 
      R68N-H-W67H    117.471      8.772      8.916           13 
     R68N-H-W67HA    117.471      8.772      5.526         6542 
    R68N-H-W67HB2    117.471      8.772      3.118         1742 
    R68N-H-W67HB3    117.471      8.772      2.792          777 
    R68N-H-W67HE3    117.471      8.772      7.257          719 
         R68N-H-H    117.471      8.772      8.772        27176 
        R68N-H-HA    117.471      8.772      4.832         1910 
       R68N-H-HB2    117.471      8.772      1.814         2094 
       R68N-H-HB3    117.471      8.772      1.748         1416 
       R68N-H-HG2    117.471      8.772      1.504         1902 
       R68N-H-HG3    117.471      8.772      1.504         1902 
      R68N-H-L69H    117.471      8.772      9.355          470 
     R68N-H-L69HA    117.471      8.772      4.557          -84 
     R68NE-HE-HB2     84.440      7.412      1.814          333 
     R68NE-HE-HB3     84.440      7.412      1.748          400 
     R68NE-HE-HD2     84.440      7.412      3.171          308 
     R68NE-HE-HD3     84.440      7.412      3.053          144 
      R68NE-HE-HE     84.440      7.412      7.412         5238 
     R68NE-HE-HG2     84.440      7.412      1.504          683 
     R68NE-HE-HG3     84.440      7.412      1.504          683 
    L69N-H-V13HG1    125.211      9.355      0.941         2634 
   L69N-H-Q17HE21    125.211      9.355      7.181          150 
   L69N-H-Q17HE22    125.211      9.355      7.026          839 
     L69N-H-L54HA    125.211      9.355      5.348          -34 
    L69N-H-L54HD2    125.211      9.355      0.877         2602 
      L69N-H-E55H    125.211      9.355      9.549          340 
      L69N-H-R68H    125.211      9.355      8.772           39 
     L69N-H-R68HA    125.211      9.355      4.832         5968 
    L69N-H-R68HB2    125.211      9.355      1.814         1985 
    L69N-H-R68HB3    125.211      9.355      1.748         2931 
         L69N-H-H    125.211      9.355      9.355        27303 
        L69N-H-HA    125.211      9.355      4.557         1662 
       L69N-H-HB2    125.211      9.355      1.692         3909 
       L69N-H-HB3    125.211      9.355      1.520         4294 
       L69N-H-HD1    125.211      9.355      0.929         3128 
       L69N-H-HD2    125.211      9.355      0.893         2602 
        L69N-H-HG    125.211      9.355      1.643         3308 
      L69N-H-L70H    125.211      9.355      8.058          383 
     L70N-H-V53HA    125.525      8.058      4.079          428 
    L70N-H-V53HG1    125.525      8.058      0.891         3850 
     L70N-H-L54HA    125.525      8.058      5.348         2186 
    L70N-H-L54HD2    125.525      8.058      0.877         3850 
      L70N-H-L69H    125.525      8.058      9.355          336 
     L70N-H-L69HA    125.525      8.058      4.557         7350 
    L70N-H-L69HB2    125.525      8.058      1.692         1610 
    L70N-H-L69HB3    125.525      8.058      1.520         7732 
    L70N-H-L69HD1    125.525      8.058      0.929         2806 
         L70N-H-H    125.525      8.058      8.058        28689 
        L70N-H-HA    125.525      8.058      4.364         2046 
       L70N-H-HB2    125.525      8.058      1.504         7732 
       L70N-H-HB3    125.525      8.058      1.504         7732 
       L70N-H-HD1    125.525      8.058      0.804         1545 
       L70N-H-HD2    125.525      8.058      0.846         3196 
        L70N-H-HG    125.525      8.058      1.490         7950 
      L70N-H-E71H    125.525      8.058      8.434          573 
      E71N-H-L70H    122.637      8.434      8.058          599 
     E71N-H-L70HA    122.637      8.434      4.364         6280 
    E71N-H-L70HB2    122.637      8.434      1.504         2312 
    E71N-H-L70HB3    122.637      8.434      1.504         2312 
    E71N-H-L70HD2    122.637      8.434      0.846         1506 
         E71N-H-H    122.637      8.434      8.434        25363 
        E71N-H-HA    122.637      8.434      4.284         2117 
       E71N-H-HB2    122.637      8.434      1.929         3180 
       E71N-H-HB3    122.637      8.434      1.902         3984 
       E71N-H-HG3    122.637      8.434      2.154         1023 
