      Assignment         w1         w2         w3   Data Height 

       S3N-H-I2HA    119.280      8.112      4.350       -23930 
       S3N-H-I2HB    119.280      8.112      1.918        -7966 
      S3N-H-I2HD1    119.280      8.112      0.866        -2249 
     S3N-H-I2HG12    119.280      8.112      1.571        -4437 
     S3N-H-I2HG13    119.280      8.112      1.347        -3555 
      S3N-H-I2HG2    119.280      8.112      0.975        -3801 
          S3N-H-H    119.280      8.112      8.112       -46807 
         S3N-H-HA    119.280      8.112      4.414       -13636 
        S3N-H-HB2    119.280      8.112      4.219        -4656 
        S3N-H-HB3    119.280      8.112      3.973        -8646 
        S3N-H-N4H    119.280      8.112      8.832           65 
        S3N-H-K6H    119.280      8.112      7.844           91 
      S3N-H-K6HB2    119.280      8.112      2.000        -4187 
      S3N-H-K6HD2    119.280      8.112      1.731        -5254 
      S3N-H-K6HD3    119.280      8.112      1.678        -3725 
      S3N-H-K6HG3    119.280      8.112      1.388        -3151 
        N4N-H-S3H    120.760      8.832      8.112          -52 
       N4N-H-S3HA    120.760      8.832      4.414        -2499 
      N4N-H-S3HB2    120.760      8.832      4.219        -1085 
      N4N-H-S3HB3    120.760      8.832      3.973         -349 
          N4N-H-H    120.760      8.832      8.832         -168 
         N4N-H-HA    120.760      8.832      4.511        -1618 
        N4N-H-HB2    120.760      8.832      2.841        -1795 
        N4N-H-HB3    120.760      8.832      2.841        -1795 
       N4N-H-HD21    120.760      8.832      7.725         -370 
        N4N-H-A5H    120.760      8.832      8.504          -13 
       N4N-H-A5HB    120.760      8.832      1.437         -208 
        N4N-H-K6H    120.760      8.832      7.844         -125 
        N4N-H-I7H    120.760      8.832      7.887         -188 
      N4N-H-I7HD1    120.760      8.832      0.863         -322 
     N4N-H-I7HG13    120.760      8.832      1.102          -23 
     N4ND2-HD21-H    112.906      7.725      8.832          146 
    N4ND2-HD21-HA    112.906      7.725      4.511        -2690 
   N4ND2-HD21-HB2    112.906      7.725      2.841       -15428 
   N4ND2-HD21-HB3    112.906      7.725      2.841       -15428 
  N4ND2-HD21-HD21    112.906      7.725      7.725       -80689 
  N4ND2-HD21-HD22    112.906      7.725      7.000       -88041 
   N4ND2-HD22-HB2    112.906      7.000      2.841        -9872 
   N4ND2-HD22-HB3    112.906      7.000      2.841        -9872 
  N4ND2-HD22-HD21    112.906      7.000      7.725       -78828 
  N4ND2-HD22-HD22    112.906      7.000      7.000      -251956 
       A5N-H-S3HA    123.401      8.504      4.414         -315 
      A5N-H-S3HB2    123.401      8.504      4.219        -1597 
      A5N-H-S3HB3    123.401      8.504      3.973         -128 
        A5N-H-N4H    123.401      8.504      8.832          351 
       A5N-H-N4HA    123.401      8.504      4.511        -1417 
      A5N-H-N4HB2    123.401      8.504      2.841         -952 
      A5N-H-N4HB3    123.401      8.504      2.841         -952 
          A5N-H-H    123.401      8.504      8.504        -4656 
         A5N-H-HA    123.401      8.504      4.191        -1636 
         A5N-H-HB    123.401      8.504      1.437        -2564 
        A5N-H-K6H    123.401      8.504      7.844         -371 
        A5N-H-I7H    123.401      8.504      7.887           40 
        A5N-H-A8H    123.401      8.504      8.062          290 
     K6N-H-I2HG13    119.908      7.844      1.347        -4830 
        K6N-H-S3H    119.908      7.844      8.112        -1847 
      K6N-H-S3HB3    119.908      7.844      3.973        -3514 
        K6N-H-N4H    119.908      7.844      8.832          144 
       K6N-H-N4HA    119.908      7.844      4.511        -2948 
        K6N-H-A5H    119.908      7.844      8.504         -866 
       K6N-H-A5HA    119.908      7.844      4.191       -11704 
       K6N-H-A5HB    119.908      7.844      1.437       -24783 
          K6N-H-H    119.908      7.844      7.844      -295024 
         K6N-H-HA    119.908      7.844      4.119       -16579 
        K6N-H-HB2    119.908      7.844      2.000       -28436 
        K6N-H-HB3    119.908      7.844      1.717       -18079 
        K6N-H-HD2    119.908      7.844      1.731       -16343 
        K6N-H-HD3    119.908      7.844      1.678       -14275 
        K6N-H-HG2    119.908      7.844      1.522       -15071 
        K6N-H-HG3    119.908      7.844      1.388       -10474 
        K6N-H-I7H    119.908      7.844      7.887      -204287 
     K6N-H-I7HG13    119.908      7.844      1.102        -1658 
        K6N-H-A8H    119.908      7.844      8.062        -3981 
        K6N-H-R9H    119.908      7.844      7.769       -19604 
      I7N-H-I2HD1    120.487      7.887      0.866       -20302 
     I7N-H-I2HG12    120.487      7.887      1.571        -4902 
     I7N-H-I2HG13    120.487      7.887      1.347        -2868 
        I7N-H-N4H    120.487      7.887      8.832          104 
       I7N-H-N4HA    120.487      7.887      4.511        -8758 
        I7N-H-A5H    120.487      7.887      8.504         -567 
       I7N-H-A5HA    120.487      7.887      4.191        -4988 
       I7N-H-A5HB    120.487      7.887      1.437        -5432 
        I7N-H-K6H    120.487      7.887      7.844      -265812 
       I7N-H-K6HA    120.487      7.887      4.119        -9041 
      I7N-H-K6HB2    120.487      7.887      2.000       -25923 
      I7N-H-K6HB3    120.487      7.887      1.717       -21777 
      I7N-H-K6HG3    120.487      7.887      1.388        -3250 
          I7N-H-H    120.487      7.887      7.887      -396962 
         I7N-H-HA    120.487      7.887      3.615       -17502 
         I7N-H-HB    120.487      7.887      1.928       -49262 
        I7N-H-HD1    120.487      7.887      0.863       -20302 
       I7N-H-HG12    120.487      7.887      1.655       -38051 
       I7N-H-HG13    120.487      7.887      1.102       -19642 
        I7N-H-HG2    120.487      7.887      0.896       -21241 
        I7N-H-A8H    120.487      7.887      8.062       -27366 
       I7N-H-A8HB    120.487      7.887      1.478        -8246 
        I7N-H-R9H    120.487      7.887      7.769        -1167 
       I7N-H-I10H    120.487      7.887      8.462        -1351 
     I7N-H-I10HD1    120.487      7.887      0.682        -2539 
    I7N-H-I10HG13    120.487      7.887      0.917       -14781 
       A8N-H-N4HA    121.576      8.062      4.511        -7479 
        A8N-H-A5H    121.576      8.062      8.504        -1227 
       A8N-H-A5HA    121.576      8.062      4.191       -26259 
        A8N-H-K6H    121.576      8.062      7.844       -19732 
       A8N-H-K6HA    121.576      8.062      4.119       -11315 
        A8N-H-I7H    121.576      8.062      7.887       -25387 
       A8N-H-I7HA    121.576      8.062      3.615        -7511 
       A8N-H-I7HB    121.576      8.062      1.928       -32169 
      A8N-H-I7HD1    121.576      8.062      0.863       -12885 
     A8N-H-I7HG12    121.576      8.062      1.655        -5953 
     A8N-H-I7HG13    121.576      8.062      1.102        -2646 
      A8N-H-I7HG2    121.576      8.062      0.896       -16648 
          A8N-H-H    121.576      8.062      8.062      -426551 
         A8N-H-HA    121.576      8.062      4.160       -23412 
         A8N-H-HB    121.576      8.062      1.478       -80957 
        A8N-H-R9H    121.576      8.062      7.769       -21039 
       A8N-H-I10H    121.576      8.062      8.462        -1487 
       R9N-H-A5HA    120.694      7.769      4.191       -20244 
       R9N-H-A5HB    120.694      7.769      1.437       -13676 
        R9N-H-K6H    120.694      7.769      7.844        -3118 
       R9N-H-K6HA    120.694      7.769      4.119       -19785 
        R9N-H-I7H    120.694      7.769      7.887        -4232 
       R9N-H-I7HA    120.694      7.769      3.615        -3450 
        R9N-H-A8H    120.694      7.769      8.062       -24865 
       R9N-H-A8HA    120.694      7.769      4.160       -20577 
       R9N-H-A8HB    120.694      7.769      1.478       -37558 
          R9N-H-H    120.694      7.769      7.769      -379301 
         R9N-H-HA    120.694      7.769      4.226       -20778 
        R9N-H-HB2    120.694      7.769      2.243       -35064 
        R9N-H-HB3    120.694      7.769      1.969       -38237 
        R9N-H-HD3    120.694      7.769      2.994        -3540 
        R9N-H-HG2    120.694      7.769      1.841        -6118 
        R9N-H-HG3    120.694      7.769      1.460       -29580 
       R9N-H-I10H    120.694      7.769      8.462       -21826 
    R9N-H-I10HG13    120.694      7.769      0.917        -6160 
       R9N-H-N11H    120.694      7.769      8.161        -1185 
       R9N-H-E12H    120.694      7.769      8.528        -6889 
     R9N-H-L33HD1    120.694      7.769      0.922        -6160 
      R9NE-HE-HB2     85.585      8.007      2.243        -3595 
      R9NE-HE-HD2     85.585      8.007      3.458        -6203 
      R9NE-HE-HD3     85.585      8.007      2.994        -8097 
       R9NE-HE-HE     85.585      8.007      8.007       -78147 
      R9NE-HE-HG2     85.585      8.007      1.841       -18292 
      R9NE-HE-HG3     85.585      8.007      1.460       -12239 
   R9NE-HE-L13HD1     85.585      8.007      0.778        -9531 
   R9NE-HE-L33HD1     85.585      8.007      0.922        -4375 
      I10N-H-K6HA    121.475      8.462      4.119        -4328 
       I10N-H-I7H    121.475      8.462      7.887         -446 
      I10N-H-I7HA    121.475      8.462      3.615       -22554 
     I10N-H-I7HG2    121.475      8.462      0.896       -17651 
       I10N-H-A8H    121.475      8.462      8.062        -1208 
      I10N-H-A8HA    121.475      8.462      4.160        -4622 
      I10N-H-A8HB    121.475      8.462      1.478        -5902 
       I10N-H-R9H    121.475      8.462      7.769       -18321 
      I10N-H-R9HA    121.475      8.462      4.226        -6030 
     I10N-H-R9HB2    121.475      8.462      2.243       -14043 
     I10N-H-R9HB3    121.475      8.462      1.969       -19837 
     I10N-H-R9HG2    121.475      8.462      1.841        -6300 
     I10N-H-R9HG3    121.475      8.462      1.460        -5258 
         I10N-H-H    121.475      8.462      8.462      -281550 
        I10N-H-HA    121.475      8.462      3.576       -17040 
        I10N-H-HB    121.475      8.462      2.041       -45680 
       I10N-H-HD1    121.475      8.462      0.682       -11189 
      I10N-H-HG12    121.475      8.462      1.905       -36941 
      I10N-H-HG13    121.475      8.462      0.917       -23025 
       I10N-H-HG2    121.475      8.462      0.794       -11721 
      I10N-H-N11H    121.475      8.462      8.161       -16850 
      I10N-H-E12H    121.475      8.462      8.528       -75582 
      I10N-H-L13H    121.475      8.462      8.669        -2463 
    I10N-H-L13HD1    121.475      8.462      0.778        -8502 
    I10N-H-L33HB3    121.475      8.462      1.353        -2218 
    I10N-H-L33HD1    121.475      8.462      0.922       -23025 
      N11N-H-I7HA    119.357      8.161      3.615        -6091 
     N11N-H-I7HG2    119.357      8.161      0.896        -5089 
      N11N-H-A8HA    119.357      8.161      4.160        -6270 
      N11N-H-A8HB    119.357      8.161      1.478        -2934 
       N11N-H-R9H    119.357      8.161      7.769         -241 
      N11N-H-R9HA    119.357      8.161      4.226        -3595 
      N11N-H-I10H    119.357      8.161      8.462       -16928 
     N11N-H-I10HA    119.357      8.161      3.576        -4147 
     N11N-H-I10HB    119.357      8.161      2.041       -21107 
    N11N-H-I10HD1    119.357      8.161      0.682        -2296 
   N11N-H-I10HG13    119.357      8.161      0.917        -5045 
    N11N-H-I10HG2    119.357      8.161      0.794       -11051 
         N11N-H-H    119.357      8.161      8.161      -267602 
        N11N-H-HA    119.357      8.161      4.485       -13363 
       N11N-H-HB2    119.357      8.161      2.900       -26219 
       N11N-H-HB3    119.357      8.161      2.811       -12607 
      N11N-H-HD21    119.357      8.161      7.558        -2023 
      N11N-H-HD22    119.357      8.161      6.881         -978 
      N11N-H-E12H    119.357      8.161      8.528       -24055 
      N11N-H-L13H    119.357      8.161      8.669        -2493 
      N11N-H-A14H    119.357      8.161      8.326         -492 
     N11N-H-A14HB    119.357      8.161      1.525        -3021 
N11ND2-HD21-I7HG2    112.248      7.558      0.896       -15373 
 N11ND2-HD21-A8HA    112.248      7.558      4.160        -5929 
 N11ND2-HD21-A8HB    112.248      7.558      1.478        -2486 
    N11ND2-HD21-H    112.248      7.558      8.161        -3018 
   N11ND2-HD21-HA    112.248      7.558      4.485        -2153 
  N11ND2-HD21-HB2    112.248      7.558      2.900       -23235 
  N11ND2-HD21-HB3    112.248      7.558      2.811       -15632 
 N11ND2-HD21-HD21    112.248      7.558      7.558      -249453 
 N11ND2-HD21-HD22    112.248      7.558      6.881      -199134 
N11ND2-HD22-I7HG2    112.248      6.881      0.896       -19365 
 N11ND2-HD22-A8HA    112.248      6.881      4.160        -3841 
    N11ND2-HD22-H    112.248      6.881      8.161        -1679 
   N11ND2-HD22-HA    112.248      6.881      4.485        -1592 
  N11ND2-HD22-HB2    112.248      6.881      2.900       -15142 
  N11ND2-HD22-HB3    112.248      6.881      2.811       -10579 
 N11ND2-HD22-HD21    112.248      6.881      7.558      -217283 
 N11ND2-HD22-HD22    112.248      6.881      6.881      -404790 
      E12N-H-A8HA    124.689      8.528      4.160       -28786 
      E12N-H-A8HB    124.689      8.528      1.478        -4282 
       E12N-H-R9H    124.689      8.528      7.769        -1863 
      E12N-H-R9HA    124.689      8.528      4.226       -12713 
      E12N-H-I10H    124.689      8.528      8.462       -44596 
     E12N-H-I10HA    124.689      8.528      3.576        -2318 
      E12N-H-N11H    124.689      8.528      8.161       -31248 
     E12N-H-N11HA    124.689      8.528      4.485        -7658 
    E12N-H-N11HB2    124.689      8.528      2.900       -21255 
    E12N-H-N11HB3    124.689      8.528      2.811       -12465 
         E12N-H-H    124.689      8.528      8.528      -418461 
        E12N-H-HA    124.689      8.528      4.111       -33510 
       E12N-H-HB2    124.689      8.528      2.264       -46433 
       E12N-H-HB3    124.689      8.528      2.185       -47549 
       E12N-H-HG2    124.689      8.528      2.388       -13215 
       E12N-H-HG3    124.689      8.528      2.010       -14134 
      E12N-H-L13H    124.689      8.528      8.669       -27452 
     E12N-H-L13HG    124.689      8.528      1.772        -3230 
      E12N-H-A14H    124.689      8.528      8.326        -1717 
     E12N-H-A14HB    124.689      8.528      1.525        -5532 
      E12N-H-A15H    124.689      8.528      7.794        -1478 
      L13N-H-R9HA    119.467      8.669      4.226        -3845 
     L13N-H-R9HD2    119.467      8.669      3.458        -2681 
     L13N-H-R9HG3    119.467      8.669      1.460        -2013 
      L13N-H-I10H    119.467      8.669      8.462        -4056 
     L13N-H-I10HA    119.467      8.669      3.576        -5805 
      L13N-H-N11H    119.467      8.669      8.161        -2403 
      L13N-H-E12H    119.467      8.669      8.528       -20139 
     L13N-H-E12HA    119.467      8.669      4.111        -8019 
    L13N-H-E12HB2    119.467      8.669      2.264       -22771 
    L13N-H-E12HB3    119.467      8.669      2.185       -12509 
    L13N-H-E12HG2    119.467      8.669      2.388        -5377 
    L13N-H-E12HG3    119.467      8.669      2.010       -11314 
         L13N-H-H    119.467      8.669      8.669      -326889 
        L13N-H-HA    119.467      8.669      3.948       -17201 
       L13N-H-HB2    119.467      8.669      1.939       -30899 
       L13N-H-HB3    119.467      8.669      1.199       -14756 
       L13N-H-HD1    119.467      8.669      0.778       -21612 
       L13N-H-HD2    119.467      8.669      0.749       -16692 
        L13N-H-HG    119.467      8.669      1.772       -38360 
      L13N-H-A14H    119.467      8.669      8.326       -22674 
     L13N-H-A14HB    119.467      8.669      1.525        -7553 
      L13N-H-A15H    119.467      8.669      7.794        -2964 
      L13N-H-K16H    119.467      8.669      7.977        -1445 
     A14N-H-I10HA    122.290      8.326      3.576        -2767 
    A14N-H-I10HG2    122.290      8.326      0.794        -9544 
      A14N-H-N11H    122.290      8.326      8.161         4024 
     A14N-H-N11HA    122.290      8.326      4.485       -11154 
      A14N-H-E12H    122.290      8.326      8.528        -5243 
     A14N-H-E12HA    122.290      8.326      4.111       -15198 
    A14N-H-E12HB3    122.290      8.326      2.185        -2350 
      A14N-H-L13H    122.290      8.326      8.669       -24196 
     A14N-H-L13HA    122.290      8.326      3.948        -6743 
    A14N-H-L13HB2    122.290      8.326      1.939       -15625 
    A14N-H-L13HB3    122.290      8.326      1.199        -7694 
    A14N-H-L13HD1    122.290      8.326      0.778        -8254 
    A14N-H-L13HD2    122.290      8.326      0.749        -4706 
     A14N-H-L13HG    122.290      8.326      1.772        -4927 
         A14N-H-H    122.290      8.326      8.326      -422400 
        A14N-H-HA    122.290      8.326      4.076       -21509 
        A14N-H-HB    122.290      8.326      1.525       -77637 
      A14N-H-A15H    122.290      8.326      7.794       -28868 
     A14N-H-A15HB    122.290      8.326      1.545       -62509 
      A14N-H-K16H    122.290      8.326      7.977        -1657 
      A14N-H-A17H    122.290      8.326      8.527        -5243 
     A14N-H-A17HB    122.290      8.326      1.573       -28029 
     A15N-H-N11HA    121.829      7.794      4.485        -3380 
      A15N-H-E12H    121.829      7.794      8.528        -4057 
     A15N-H-E12HA    121.829      7.794      4.111       -16180 
      A15N-H-L13H    121.829      7.794      8.669        -2773 
     A15N-H-L13HA    121.829      7.794      3.948        -2170 
      A15N-H-A14H    121.829      7.794      8.326       -25472 
     A15N-H-A14HA    121.829      7.794      4.076       -11015 
     A15N-H-A14HB    121.829      7.794      1.525      -101701 
         A15N-H-H    121.829      7.794      7.794      -446702 
        A15N-H-HA    121.829      7.794      4.176       -25644 
        A15N-H-HB    121.829      7.794      1.545      -105653 
      A15N-H-K16H    121.829      7.794      7.977       -32587 
    A15N-H-K16HB2    121.829      7.794      1.896        -3094 
    A15N-H-K16HG3    121.829      7.794      1.320         -863 
      A15N-H-A17H    121.829      7.794      8.527        -4057 
     A15N-H-A17HB    121.829      7.794      1.573       -64079 
      A15N-H-K18H    121.829      7.794      8.125         -536 
     K16N-H-E12HA    120.084      7.977      4.111        -4807 
      K16N-H-L13H    120.084      7.977      8.669        -1517 
     K16N-H-L13HA    120.084      7.977      3.948       -10477 
    K16N-H-L13HD2    120.084      7.977      0.749        -2580 
      K16N-H-A14H    120.084      7.977      8.326        -2800 
     K16N-H-A14HA    120.084      7.977      4.076       -17305 
     K16N-H-A14HB    120.084      7.977      1.525       -48203 
      K16N-H-A15H    120.084      7.977      7.794       -28100 
     K16N-H-A15HA    120.084      7.977      4.176        -7737 
     K16N-H-A15HB    120.084      7.977      1.545       -49954 
         K16N-H-H    120.084      7.977      7.977      -377822 
        K16N-H-HA    120.084      7.977      4.026       -23741 
       K16N-H-HB2    120.084      7.977      1.896       -25506 
       K16N-H-HB3    120.084      7.977      1.514       -29243 
       K16N-H-HD2    120.084      7.977      1.663        -2423 
       K16N-H-HD3    120.084      7.977      1.548       -49954 
       K16N-H-HG2    120.084      7.977      1.775       -29065 
       K16N-H-HG3    120.084      7.977      1.320       -14194 
      K16N-H-A17H    120.084      7.977      8.527       -22671 
     K16N-H-A17HB    120.084      7.977      1.573       -32160 
      K16N-H-K18H    120.084      7.977      8.125        -2277 
      K16N-H-A19H    120.084      7.977      7.659          230 
     K16N-H-A19HB    120.084      7.977      1.544       -48203 
    K16N-H-V21HG2    120.084      7.977      0.859        -5202 
     K16N-H-I22HB    120.084      7.977      1.287        -6698 
     A17N-H-L13HA    123.164      8.527      3.948        -3928 
      A17N-H-A14H    123.164      8.527      8.326          133 
     A17N-H-A14HA    123.164      8.527      4.076       -32806 
     A17N-H-A14HB    123.164      8.527      1.525       -46198 
      A17N-H-A15H    123.164      8.527      7.794        -3232 
     A17N-H-A15HA    123.164      8.527      4.176        -3386 
     A17N-H-A15HB    123.164      8.527      1.545       -78593 
      A17N-H-K16H    123.164      8.527      7.977       -30131 
     A17N-H-K16HA    123.164      8.527      4.026       -34929 
    A17N-H-K16HB2    123.164      8.527      1.896       -19240 
    A17N-H-K16HB3    123.164      8.527      1.514       -18360 
    A17N-H-K16HG3    123.164      8.527      1.320        -9115 
         A17N-H-H    123.164      8.527      8.527      -424778 
        A17N-H-HA    123.164      8.527      4.026       -34929 
        A17N-H-HB    123.164      8.527      1.573       -86127 
      A17N-H-K18H    123.164      8.527      8.125       -28016 
      A17N-H-A19H    123.164      8.527      7.659        -4395 
     A17N-H-A19HB    123.164      8.527      1.544       -46198 
      A17N-H-G20H    123.164      8.527      7.758        -1760 
    A17N-H-V21HG2    123.164      8.527      0.859       -13143 
     A17N-H-I22HB    123.164      8.527      1.287       -10535 
    A17N-H-I22HD1    123.164      8.527      0.809       -17357 
    A17N-H-I22HG2    123.164      8.527      0.870       -13143 
     K18N-H-A14HA    120.927      8.125      4.076       -37645 
     K18N-H-A14HB    120.927      8.125      1.525       -33630 
      K18N-H-A15H    120.927      8.125      7.794          -12 
     K18N-H-A15HA    120.927      8.125      4.176       -11805 
     K18N-H-A15HB    120.927      8.125      1.545       -52306 
      K18N-H-K16H    120.927      8.125      7.977         1023 
     K18N-H-K16HA    120.927      8.125      4.026       -23361 
      K18N-H-A17H    120.927      8.125      8.527       -24831 
     K18N-H-A17HA    120.927      8.125      4.026       -23361 
     K18N-H-A17HB    120.927      8.125      1.573       -52414 
         K18N-H-H    120.927      8.125      8.125      -551747 
        K18N-H-HA    120.927      8.125      4.053       -37630 
       K18N-H-HB2    120.927      8.125      1.943       -90579 
       K18N-H-HB3    120.927      8.125      1.930       -90579 
       K18N-H-HG2    120.927      8.125      1.557       -52306 
       K18N-H-HG3    120.927      8.125      1.476        -6053 
      K18N-H-A19H    120.927      8.125      7.659       -37252 
     K18N-H-A19HB    120.927      8.125      1.544       -33630 
      K18N-H-G20H    120.927      8.125      7.758        -1856 
     A19N-H-A15HA    118.300      7.659      4.176        -6176 
     A19N-H-A15HB    118.300      7.659      1.545      -100307 
      A19N-H-K16H    118.300      7.659      7.977         1010 
     A19N-H-K16HA    118.300      7.659      4.026       -16408 
      A19N-H-A17H    118.300      7.659      8.527        -3498 
     A19N-H-A17HA    118.300      7.659      4.026       -16408 
     A19N-H-A17HB    118.300      7.659      1.573       -66104 
      A19N-H-K18H    118.300      7.659      8.125       -43826 
     A19N-H-K18HA    118.300      7.659      4.053       -21225 
    A19N-H-K18HB2    118.300      7.659      1.943       -42037 
    A19N-H-K18HB3    118.300      7.659      1.930       -42037 
         A19N-H-H    118.300      7.659      7.659      -517447 
        A19N-H-HA    118.300      7.659      4.355       -14832 
        A19N-H-HB    118.300      7.659      1.544       -88322 
      A19N-H-G20H    118.300      7.659      7.758       -16350 
    A19N-H-G20HA2    118.300      7.659      4.180        -6176 
      A19N-H-V21H    118.300      7.659      7.678      -501401 
    A19N-H-V21HG2    118.300      7.659      0.859        -7447 
     G20N-H-K16HA    105.949      7.758      4.026       -20790 
      G20N-H-A17H    105.949      7.758      8.527        -1044 
     G20N-H-A17HA    105.949      7.758      4.026       -20790 
     G20N-H-A17HB    105.949      7.758      1.573       -14747 
      G20N-H-K18H    105.949      7.758      8.125        -4784 
     G20N-H-K18HA    105.949      7.758      4.053       -15977 
      G20N-H-A19H    105.949      7.758      7.659       -50070 
     G20N-H-A19HA    105.949      7.758      4.355        -9957 
     G20N-H-A19HB    105.949      7.758      1.544       -17244 
         G20N-H-H    105.949      7.758      7.758      -376276 
       G20N-H-HA2    105.949      7.758      4.180       -28105 
       G20N-H-HA3    105.949      7.758      3.947       -44432 
      G20N-H-V21H    105.949      7.758      7.678       -59803 
    G20N-H-V21HG1    105.949      7.758      0.858       -10233 
    G20N-H-V21HG2    105.949      7.758      0.859       -11863 
      G20N-H-I22H    105.949      7.758      6.842        -3777 
    G20N-H-I22HG2    105.949      7.758      0.870       -11863 
     V21N-H-K16HA    109.739      7.678      4.026       -12404 
    V21N-H-K16HB3    109.739      7.678      1.514       -10830 
     V21N-H-A17HA    109.739      7.678      4.026       -12404 
      V21N-H-A19H    109.739      7.678      7.659      -329443 
     V21N-H-A19HB    109.739      7.678      1.544       -19980 
      V21N-H-G20H    109.739      7.678      7.758       -51633 
    V21N-H-G20HA2    109.739      7.678      4.180        -9302 
    V21N-H-G20HA3    109.739      7.678      3.947       -11136 
         V21N-H-H    109.739      7.678      7.678      -472106 
        V21N-H-HA    109.739      7.678      4.608       -22278 
        V21N-H-HB    109.739      7.678      2.424        -9846 
       V21N-H-HG1    109.739      7.678      0.858       -80659 
       V21N-H-HG2    109.739      7.678      0.859       -93143 
      V21N-H-I22H    109.739      7.678      6.842       -52972 
     V21N-H-I22HB    109.739      7.678      1.287        -6555 
    V21N-H-I22HG2    109.739      7.678      0.870       -93143 
     I22N-H-K16HA    124.020      6.842      4.026       -14514 
    I22N-H-K16HB3    124.020      6.842      1.514        -7564 
     I22N-H-A17HA    124.020      6.842      4.026       -14514 
      I22N-H-G20H    124.020      6.842      7.758        -5085 
    I22N-H-G20HA2    124.020      6.842      4.180        -1651 
    I22N-H-G20HA3    124.020      6.842      3.947        -2936 
      I22N-H-V21H    124.020      6.842      7.678       -42970 
     I22N-H-V21HA    124.020      6.842      4.608       -17368 
     I22N-H-V21HB    124.020      6.842      2.424        -4207 
    I22N-H-V21HG1    124.020      6.842      0.858       -56583 
    I22N-H-V21HG2    124.020      6.842      0.859       -72909 
         I22N-H-H    124.020      6.842      6.842      -356811 
        I22N-H-HA    124.020      6.842      4.347       -16359 
        I22N-H-HB    124.020      6.842      1.287       -42485 
       I22N-H-HD1    124.020      6.842      0.809       -25780 
      I22N-H-HG12    124.020      6.842      1.799        -5700 
      I22N-H-HG13    124.020      6.842      1.628        -6749 
       I22N-H-HG2    124.020      6.842      0.870       -72909 
      I22N-H-T23H    124.020      6.842      9.104        -2184 
      T23N-H-I22H    120.184      9.104      6.842        -2174 
     T23N-H-I22HA    120.184      9.104      4.347       -49996 
     T23N-H-I22HB    120.184      9.104      1.287       -17039 
    T23N-H-I22HD1    120.184      9.104      0.809        -9144 
   T23N-H-I22HG12    120.184      9.104      1.799       -21668 
   T23N-H-I22HG13    120.184      9.104      1.628       -18860 
    T23N-H-I22HG2    120.184      9.104      0.870        -8585 
         T23N-H-H    120.184      9.104      9.104      -223092 
        T23N-H-HA    120.184      9.104      4.597       -14374 
        T23N-H-HB    120.184      9.104      4.798        -8028 
       T23N-H-HG2    120.184      9.104      1.323       -43435 
      T23N-H-E24H    120.184      9.104      9.011        -1991 
      T23N-H-E26H    120.184      9.104      7.837        -5910 
    T23N-H-E26HB2    120.184      9.104      2.460       -30202 
    T23N-H-E26HB3    120.184      9.104      1.745       -19263 
    T23N-H-E26HG3    120.184      9.104      2.073        -4547 
      T23N-H-K27H    120.184      9.104      8.659        -3285 
    T23N-H-K27HG3    120.184      9.104      1.397        -1569 
      E24N-H-T23H    120.289      9.011      9.104         3607 
     E24N-H-T23HA    120.289      9.011      4.597       -49340 
     E24N-H-T23HB    120.289      9.011      4.798       -77896 
    E24N-H-T23HG2    120.289      9.011      1.323       -11955 
         E24N-H-H    120.289      9.011      9.011      -271565 
        E24N-H-HA    120.289      9.011      3.965       -26772 
       E24N-H-HB2    120.289      9.011      2.100       -49886 
       E24N-H-HB3    120.289      9.011      2.069       -50175 
       E24N-H-HG2    120.289      9.011      2.421       -29686 
       E24N-H-HG3    120.289      9.011      2.402       -33026 
      E24N-H-E25H    120.289      9.011      8.917       -13597 
      E24N-H-E26H    120.289      9.011      7.837        -2477 
      E24N-H-K27H    120.289      9.011      8.659        -1168 
    E24N-H-K27HG3    120.289      9.011      1.397        -1119 
     E25N-H-T23HB    120.676      8.917      4.798       -41527 
    E25N-H-T23HG2    120.676      8.917      1.323        -4904 
      E25N-H-E24H    120.676      8.917      9.011       -13793 
     E25N-H-E24HA    120.676      8.917      3.965        -8540 
    E25N-H-E24HB2    120.676      8.917      2.100       -57805 
    E25N-H-E24HB3    120.676      8.917      2.069       -68442 
    E25N-H-E24HG2    120.676      8.917      2.421       -12983 
         E25N-H-H    120.676      8.917      8.917      -409365 
        E25N-H-HA    120.676      8.917      4.116       -30965 
       E25N-H-HB2    120.676      8.917      2.040       -54854 
       E25N-H-HB3    120.676      8.917      1.973       -23515 
       E25N-H-HG2    120.676      8.917      2.414       -12983 
       E25N-H-HG3    120.676      8.917      2.318       -12618 
      E25N-H-E26H    120.676      8.917      7.837       -25455 
      E25N-H-K27H    120.676      8.917      8.659        -3457 
      E25N-H-A28H    120.676      8.917      7.648        -1479 
   E26N-H-I22HG12    121.997      7.837      1.799        -6266 
   E26N-H-I22HG13    121.997      7.837      1.628        -5905 
      E26N-H-T23H    121.997      7.837      9.104        -6731 
     E26N-H-T23HA    121.997      7.837      4.597        -1706 
     E26N-H-T23HB    121.997      7.837      4.798       -14127 
    E26N-H-T23HG2    121.997      7.837      1.323        -4667 
      E26N-H-E24H    121.997      7.837      9.011        -1303 
     E26N-H-E24HA    121.997      7.837      3.965        -3887 
      E26N-H-E25H    121.997      7.837      8.917       -20280 
     E26N-H-E25HA    121.997      7.837      4.116       -15050 
    E26N-H-E25HB2    121.997      7.837      2.040       -19756 
    E26N-H-E25HB3    121.997      7.837      1.973       -11508 
    E26N-H-E25HG2    121.997      7.837      2.414       -20598 
    E26N-H-E25HG3    121.997      7.837      2.318       -13055 
         E26N-H-H    121.997      7.837      7.837      -267943 
        E26N-H-HA    121.997      7.837      4.074       -16586 
       E26N-H-HB2    121.997      7.837      2.460       -26453 
       E26N-H-HB3    121.997      7.837      1.745       -13686 
       E26N-H-HG2    121.997      7.837      2.354       -19027 
       E26N-H-HG3    121.997      7.837      2.073       -23772 
      E26N-H-K27H    121.997      7.837      8.659       -23740 
    E26N-H-K27HG3    121.997      7.837      1.397        -1083 
      E26N-H-A28H    121.997      7.837      7.648        -1696 
      E26N-H-E29H    121.997      7.837      7.915       -29590 
    K27N-H-I22HD1    121.367      8.659      0.809       -11067 
   K27N-H-I22HG12    121.367      8.659      1.799        -7298 
   K27N-H-I22HG13    121.367      8.659      1.628       -36550 
    K27N-H-I22HG2    121.367      8.659      0.870        -7121 
      K27N-H-T23H    121.367      8.659      9.104        -4190 
      K27N-H-E24H    121.367      8.659      9.011         -202 
     K27N-H-E24HA    121.367      8.659      3.965       -40454 
      K27N-H-E25H    121.367      8.659      8.917        -4334 
     K27N-H-E25HA    121.367      8.659      4.116        -6597 
      K27N-H-E26H    121.367      8.659      7.837       -26765 
     K27N-H-E26HA    121.367      8.659      4.074        -6342 
    K27N-H-E26HB2    121.367      8.659      2.460       -15109 
    K27N-H-E26HB3    121.367      8.659      1.745       -15384 
         K27N-H-H    121.367      8.659      8.659      -433962 
        K27N-H-HA    121.367      8.659      3.964       -40454 
       K27N-H-HB2    121.367      8.659      1.951       -49018 
       K27N-H-HB3    121.367      8.659      1.903       -39691 
       K27N-H-HD2    121.367      8.659      1.664       -48390 
       K27N-H-HD3    121.367      8.659      1.664       -48390 
       K27N-H-HG2    121.367      8.659      1.664       -48390 
       K27N-H-HG3    121.367      8.659      1.397       -10702 
      K27N-H-A28H    121.367      8.659      7.648       -32408 
     K27N-H-A28HB    121.367      8.659      1.534        -5476 
      K27N-H-E29H    121.367      8.659      7.915        -6602 
      K27N-H-Q30H    121.367      8.659      8.891        -4784 
     A28N-H-E24HA    122.685      7.648      3.965       -15378 
      A28N-H-E25H    122.685      7.648      8.917        -4311 
     A28N-H-E25HA    122.685      7.648      4.116       -13443 
      A28N-H-E26H    122.685      7.648      7.837         -635 
     A28N-H-E26HA    122.685      7.648      4.074        -5757 
      A28N-H-K27H    122.685      7.648      8.659       -32406 
     A28N-H-K27HA    122.685      7.648      3.964       -15378 
    A28N-H-K27HB2    122.685      7.648      1.951       -30568 
    A28N-H-K27HB3    122.685      7.648      1.903       -25263 
    A28N-H-K27HG3    122.685      7.648      1.397        -2400 
         A28N-H-H    122.685      7.648      7.648      -563530 
        A28N-H-HA    122.685      7.648      4.216       -32896 
        A28N-H-HB    122.685      7.648      1.534       -88422 
      A28N-H-E29H    122.685      7.648      7.915       -37664 
      A28N-H-Q30H    122.685      7.648      8.891        -5238 
      A28N-H-Q31H    122.685      7.648      7.874       -25042 
    E29N-H-L13HD1    122.691      7.915      0.778        -5464 
     E29N-H-E25HA    122.691      7.915      4.116       -12406 
      E29N-H-E26H    122.691      7.915      7.837         9708 
     E29N-H-E26HA    122.691      7.915      4.074       -15235 
      E29N-H-K27H    122.691      7.915      8.659        -3913 
     E29N-H-K27HA    122.691      7.915      3.964       -31868 
      E29N-H-A28H    122.691      7.915      7.648       -38440 
     E29N-H-A28HA    122.691      7.915      4.216        -9108 
     E29N-H-A28HB    122.691      7.915      1.534       -38414 
         E29N-H-H    122.691      7.915      7.915      -443493 
        E29N-H-HA    122.691      7.915      3.971       -31868 
       E29N-H-HB2    122.691      7.915      2.258       -39772 
       E29N-H-HB3    122.691      7.915      2.047       -53267 
       E29N-H-HG2    122.691      7.915      2.385       -15123 
       E29N-H-HG3    122.691      7.915      2.041       -53267 
      E29N-H-Q30H    122.691      7.915      8.891       -29803 
      E29N-H-Q31H    122.691      7.915      7.874      -258884 
      E29N-H-K32H    122.691      7.915      7.739          245 
    Q30N-H-L13HD1    119.325      8.891      0.778       -16320 
    Q30N-H-L13HD2    119.325      8.891      0.749        -9703 
    Q30N-H-I22HD1    119.325      8.891      0.809       -11265 
     Q30N-H-E26HA    119.325      8.891      4.074        -5204 
    Q30N-H-E26HB3    119.325      8.891      1.745        -1697 
      Q30N-H-K27H    119.325      8.891      8.659        -3341 
     Q30N-H-K27HA    119.325      8.891      3.964       -13875 
      Q30N-H-A28H    119.325      8.891      7.648        -3267 
     Q30N-H-A28HA    119.325      8.891      4.216        -1824 
     Q30N-H-A28HB    119.325      8.891      1.534        -2510 
      Q30N-H-E29H    119.325      8.891      7.915       -32965 
     Q30N-H-E29HA    119.325      8.891      3.971       -13875 
    Q30N-H-E29HB2    119.325      8.891      2.258       -17999 
    Q30N-H-E29HB3    119.325      8.891      2.047       -18890 
    Q30N-H-E29HG2    119.325      8.891      2.385       -33010 
    Q30N-H-E29HG3    119.325      8.891      2.041       -18890 
         Q30N-H-H    119.325      8.891      8.891      -286084 
        Q30N-H-HA    119.325      8.891      3.805       -19009 
       Q30N-H-HB2    119.325      8.891      2.398       -33010 
       Q30N-H-HB3    119.325      8.891      2.092       -34784 
       Q30N-H-HG2    119.325      8.891      2.358       -26470 
       Q30N-H-HG3    119.325      8.891      2.185        -9946 
      Q30N-H-Q31H    119.325      8.891      7.874       -30143 
      Q30N-H-K32H    119.325      8.891      7.739        -1892 
      Q30N-H-L33H    119.325      8.891      8.617        -2081 
Q30NE2-HE21-A14HA    108.422      7.659      4.076        -9766 
Q30NE2-HE21-A17HB    108.422      7.659      1.573       -12227 
  Q30NE2-HE21-HB2    108.422      7.659      2.398       -17888 
  Q30NE2-HE21-HB3    108.422      7.659      2.092        -4648 
 Q30NE2-HE21-HE21    108.422      7.659      7.659      -315607 
 Q30NE2-HE21-HE22    108.422      7.659      6.157      -222263 
  Q30NE2-HE21-HG2    108.422      7.659      2.358       -22379 
  Q30NE2-HE21-HG3    108.422      7.659      2.185       -13733 
Q30NE2-HE22-A14HA    108.422      6.157      4.076       -12208 
Q30NE2-HE22-A14HB    108.422      6.157      1.525       -13804 
Q30NE2-HE22-A17HB    108.422      6.157      1.573       -20502 
Q30NE2-HE22-I22HD1    108.422      6.157      0.809       -12788 
  Q30NE2-HE22-HB2    108.422      6.157      2.398        -9709 
  Q30NE2-HE22-HB3    108.422      6.157      2.092        -2560 
 Q30NE2-HE22-HE21    108.422      6.157      7.659      -223976 
 Q30NE2-HE22-HE22    108.422      6.157      6.157      -330725 
  Q30NE2-HE22-HG2    108.422      6.157      2.358       -11999 
  Q30NE2-HE22-HG3    108.422      6.157      2.185        -7580 
    Q31N-H-L13HD1    118.010      7.874      0.778        -3396 
     Q31N-H-K27HA    118.010      7.874      3.964        -8132 
      Q31N-H-A28H    118.010      7.874      7.648        -1532 
     Q31N-H-A28HA    118.010      7.874      4.216       -12523 
     Q31N-H-A28HB    118.010      7.874      1.534        -4174 
      Q31N-H-E29H    118.010      7.874      7.915      -395256 
     Q31N-H-E29HA    118.010      7.874      3.971        -8132 
      Q31N-H-Q30H    118.010      7.874      8.891       -25148 
     Q31N-H-Q30HA    118.010      7.874      3.805        -7950 
    Q31N-H-Q30HB2    118.010      7.874      2.398       -30331 
    Q31N-H-Q30HB3    118.010      7.874      2.092       -12968 
    Q31N-H-Q30HG2    118.010      7.874      2.358       -23030 
    Q31N-H-Q30HG3    118.010      7.874      2.185       -74956 
         Q31N-H-H    118.010      7.874      7.874      -547651 
        Q31N-H-HA    118.010      7.874      4.085       -33898 
       Q31N-H-HB2    118.010      7.874      2.216       -87677 
       Q31N-H-HB3    118.010      7.874      2.192       -74956 
       Q31N-H-HG2    118.010      7.874      2.511       -17376 
       Q31N-H-HG3    118.010      7.874      2.484       -20702 
      Q31N-H-K32H    118.010      7.874      7.739       -32512 
      Q31N-H-L33H    118.010      7.874      8.617        -3776 
      Q31N-H-R34H    118.010      7.874      8.413        -1899 
  Q31NE2-HE21-HB2    111.900      7.489      2.216        -3943 
  Q31NE2-HE21-HB3    111.900      7.489      2.192        -3833 
 Q31NE2-HE21-HE21    111.900      7.489      7.489      -822361 
 Q31NE2-HE21-HE22    111.900      7.489      6.891      -395276 
  Q31NE2-HE21-HG2    111.900      7.489      2.511       -10401 
  Q31NE2-HE21-HG3    111.900      7.489      2.484        -9037 
 Q31NE2-HE22-HE21    111.900      6.891      7.489      -286692 
 Q31NE2-HE22-HE22    111.900      6.891      6.891      -936516 
  Q31NE2-HE22-HG2    111.900      6.891      2.511        -5571 
  Q31NE2-HE22-HG3    111.900      6.891      2.484        -4764 
     K32N-H-A28HA    120.842      7.739      4.216        -5561 
     K32N-H-A28HB    120.842      7.739      1.534        -2538 
      K32N-H-E29H    120.842      7.739      7.915       -24117 
     K32N-H-E29HA    120.842      7.739      3.971        -9794 
      K32N-H-Q30H    120.842      7.739      8.891        -2538 
     K32N-H-Q30HA    120.842      7.739      3.805        -2141 
      K32N-H-Q31H    120.842      7.739      7.874       -36452 
     K32N-H-Q31HA    120.842      7.739      4.085       -42227 
    K32N-H-Q31HB2    120.842      7.739      2.216       -35689 
    K32N-H-Q31HB3    120.842      7.739      2.192       -30868 
    K32N-H-Q31HG3    120.842      7.739      2.484        -4949 
         K32N-H-H    120.842      7.739      7.739      -483278 
        K32N-H-HA    120.842      7.739      4.096       -42227 
       K32N-H-HB2    120.842      7.739      2.028       -46160 
       K32N-H-HB3    120.842      7.739      1.997       -64317 
       K32N-H-HG2    120.842      7.739      1.608       -13268 
       K32N-H-HG3    120.842      7.739      1.440        -6724 
      K32N-H-L33H    120.842      7.739      8.617       -29235 
     K32N-H-L33HG    120.842      7.739      1.904       -10580 
      K32N-H-R34H    120.842      7.739      8.413        -3066 
     L33N-H-E29HA    120.088      8.617      3.971        -4263 
    L33N-H-E29HG3    120.088      8.617      2.041       -25194 
      L33N-H-Q30H    120.088      8.617      8.891        -1107 
     L33N-H-Q30HA    120.088      8.617      3.805        -7780 
      L33N-H-Q31H    120.088      8.617      7.874        -5312 
     L33N-H-Q31HA    120.088      8.617      4.085       -12316 
      L33N-H-K32H    120.088      8.617      7.739       -26992 
     L33N-H-K32HA    120.088      8.617      4.096       -12316 
    L33N-H-K32HB2    120.088      8.617      2.028       -25194 
    L33N-H-K32HB3    120.088      8.617      1.997       -36124 
    L33N-H-K32HG2    120.088      8.617      1.608        -2803 
    L33N-H-K32HG3    120.088      8.617      1.440        -5135 
         L33N-H-H    120.088      8.617      8.617      -346046 
        L33N-H-HA    120.088      8.617      4.153       -23536 
       L33N-H-HB2    120.088      8.617      1.918       -70838 
       L33N-H-HB3    120.088      8.617      1.353       -15325 
       L33N-H-HD1    120.088      8.617      0.922       -14748 
       L33N-H-HD2    120.088      8.617      0.964       -14862 
        L33N-H-HG    120.088      8.617      1.904       -70838 
      L33N-H-R34H    120.088      8.617      8.413       -22039 
    L33N-H-R34HB2    120.088      8.617      1.961       -50496 
      L33N-H-Q35H    120.088      8.617      7.850        -4798 
    R34N-H-I10HD1    119.206      8.413      0.682        -3481 
   R34N-H-I10HG12    119.206      8.413      1.905       -48650 
     R34N-H-Q30HA    119.206      8.413      3.805        -4516 
    R34N-H-Q30HG2    119.206      8.413      2.358        -2240 
      R34N-H-Q31H    119.206      8.413      7.874       -22436 
     R34N-H-Q31HA    119.206      8.413      4.085       -14944 
      R34N-H-K32H    119.206      8.413      7.739        -2451 
     R34N-H-K32HA    119.206      8.413      4.096       -14944 
      R34N-H-L33H    119.206      8.413      8.617       -26829 
     R34N-H-L33HA    119.206      8.413      4.153       -10619 
    R34N-H-L33HB2    119.206      8.413      1.918       -48650 
    R34N-H-L33HB3    119.206      8.413      1.353        -9741 
    R34N-H-L33HD1    119.206      8.413      0.922        -7447 
    R34N-H-L33HD2    119.206      8.413      0.964        -5383 
     R34N-H-L33HG    119.206      8.413      1.904       -48650 
         R34N-H-H    119.206      8.413      8.413      -388148 
        R34N-H-HA    119.206      8.413      4.009       -23510 
       R34N-H-HB2    119.206      8.413      1.961       -72090 
       R34N-H-HB3    119.206      8.413      1.939       -70849 
       R34N-H-HD2    119.206      8.413      3.202        -3332 
       R34N-H-HD3    119.206      8.413      3.147        -2811 
       R34N-H-HG2    119.206      8.413      1.826       -17043 
       R34N-H-HG3    119.206      8.413      1.607        -7508 
      R34N-H-Q35H    119.206      8.413      7.850       -28686 
    R34N-H-Q35HB2    119.206      8.413      2.279        -3158 
      R34N-H-E36H    119.206      8.413      7.939        -3449 
      R34N-H-Y37H    119.206      8.413      8.578        -8521 
     Q35N-H-Q31HA    117.434      7.850      4.085       -43038 
     Q35N-H-K32HA    117.434      7.850      4.096       -43038 
      Q35N-H-L33H    117.434      7.850      8.617        -4844 
     Q35N-H-L33HA    117.434      7.850      4.153       -15277 
      Q35N-H-R34H    117.434      7.850      8.413       -27148 
     Q35N-H-R34HA    117.434      7.850      4.009       -10744 
    Q35N-H-R34HB2    117.434      7.850      1.961       -28840 
    Q35N-H-R34HB3    117.434      7.850      1.939       -24695 
    Q35N-H-R34HG3    117.434      7.850      1.607        -4030 
         Q35N-H-H    117.434      7.850      7.850      -467671 
        Q35N-H-HA    117.434      7.850      4.085       -43038 
       Q35N-H-HB2    117.434      7.850      2.279       -40916 
       Q35N-H-HB3    117.434      7.850      2.190       -30336 
       Q35N-H-HG2    117.434      7.850      2.574       -15884 
       Q35N-H-HG3    117.434      7.850      2.488       -18054 
      Q35N-H-E36H    117.434      7.850      7.939       -36930 
    Q35N-H-E36HB2    117.434      7.850      2.172       -23202 
      Q35N-H-Y37H    117.434      7.850      8.578        -3377 
      Q35N-H-L38H    117.434      7.850      8.229         -768 
    Q35N-H-L38HD1    117.434      7.850      0.922        -3328 
   Q35NE2-HE21-HA    111.993      7.492      4.085        -3329 
  Q35NE2-HE21-HB2    111.993      7.492      2.279        -2534 
  Q35NE2-HE21-HB3    111.993      7.492      2.190        -3655 
 Q35NE2-HE21-HE21    111.993      7.492      7.492      -788960 
 Q35NE2-HE21-HE22    111.993      7.492      6.897      -378021 
  Q35NE2-HE21-HG2    111.993      7.492      2.574        -5958 
  Q35NE2-HE21-HG3    111.993      7.492      2.488       -10961 
 Q35NE2-HE22-HE21    111.993      6.897      7.492      -284796 
 Q35NE2-HE22-HE22    111.993      6.897      6.897      -821764 
  Q35NE2-HE22-HG2    111.993      6.897      2.574        -3516 
  Q35NE2-HE22-HG3    111.993      6.897      2.488        -6023 
     E36N-H-K32HA    119.554      7.939      4.096       -14251 
     E36N-H-L33HA    119.554      7.939      4.153       -14816 
      E36N-H-R34H    119.554      7.939      8.413        -2940 
     E36N-H-R34HA    119.554      7.939      4.009       -30827 
      E36N-H-Q35H    119.554      7.939      7.850       -18985 
     E36N-H-Q35HA    119.554      7.939      4.085       -14251 
    E36N-H-Q35HB2    119.554      7.939      2.279       -16357 
    E36N-H-Q35HB3    119.554      7.939      2.190       -59216 
         E36N-H-H    119.554      7.939      7.939      -413822 
        E36N-H-HA    119.554      7.939      4.015       -30827 
       E36N-H-HB2    119.554      7.939      2.172       -50582 
       E36N-H-HB3    119.554      7.939      2.100       -20850 
       E36N-H-HG2    119.554      7.939      2.449       -19260 
       E36N-H-HG3    119.554      7.939      2.186       -59216 
      E36N-H-Y37H    119.554      7.939      8.578       -21803 
      E36N-H-L38H    119.554      7.939      8.229        -2352 
      Y37N-H-I2HB    120.782      8.578      1.918        -5039 
     Y37N-H-I2HD1    120.782      8.578      0.866        -6536 
     Y37N-H-I2HG2    120.782      8.578      0.975        -3709 
    Y37N-H-I10HD1    120.782      8.578      0.682        -3857 
     Y37N-H-L33HA    120.782      8.578      4.153       -17893 
      Y37N-H-R34H    120.782      8.578      8.413         1086 
     Y37N-H-R34HA    120.782      8.578      4.009       -15526 
      Y37N-H-Q35H    120.782      8.578      7.850        -1824 
     Y37N-H-Q35HA    120.782      8.578      4.085        -4740 
      Y37N-H-E36H    120.782      8.578      7.939       -21739 
     Y37N-H-E36HA    120.782      8.578      4.015       -15526 
    Y37N-H-E36HB2    120.782      8.578      2.172       -14005 
    Y37N-H-E36HB3    120.782      8.578      2.100       -10673 
         Y37N-H-H    120.782      8.578      8.578      -248357 
        Y37N-H-HA    120.782      8.578      4.164       -21120 
       Y37N-H-HB2    120.782      8.578      3.252       -29848 
       Y37N-H-HB3    120.782      8.578      3.027       -30100 
       Y37N-H-HD1    120.782      8.578      7.026        -4725 
       Y37N-H-HD2    120.782      8.578      7.026        -4725 
      Y37N-H-L38H    120.782      8.578      8.229       -16742 
    Y37N-H-L38HB2    120.782      8.578      1.868        -4878 
     Y37N-H-L38HG    120.782      8.578      1.868        -4878 
     L38N-H-R34HA    119.275      8.229      4.009       -11757 
      L38N-H-Q35H    119.275      8.229      7.850        -2704 
     L38N-H-Q35HA    119.275      8.229      4.085       -29131 
      L38N-H-E36H    119.275      8.229      7.939        -1682 
     L38N-H-E36HA    119.275      8.229      4.015       -11757 
      L38N-H-Y37H    119.275      8.229      8.578       -18361 
     L38N-H-Y37HA    119.275      8.229      4.164       -10321 
    L38N-H-Y37HB2    119.275      8.229      3.252       -23369 
    L38N-H-Y37HB3    119.275      8.229      3.027       -11113 
         L38N-H-H    119.275      8.229      8.229      -373076 
        L38N-H-HA    119.275      8.229      4.072       -30676 
       L38N-H-HB2    119.275      8.229      1.868       -69679 
       L38N-H-HB3    119.275      8.229      1.585       -18901 
       L38N-H-HD1    119.275      8.229      0.922       -14675 
       L38N-H-HD2    119.275      8.229      0.888       -14631 
        L38N-H-HG    119.275      8.229      1.868       -69679 
      L38N-H-K39H    119.275      8.229      7.790       -19040 
     K39N-H-Q35HA    118.917      7.790      4.085       -20817 
     K39N-H-E36HA    118.917      7.790      4.015       -10578 
      K39N-H-L38H    118.917      7.790      8.229       -23525 
     K39N-H-L38HA    118.917      7.790      4.072       -16621 
    K39N-H-L38HB2    118.917      7.790      1.868       -57998 
    K39N-H-L38HB3    118.917      7.790      1.585       -21997 
    K39N-H-L38HD2    118.917      7.790      0.888        -4951 
     K39N-H-L38HG    118.917      7.790      1.868       -57998 
         K39N-H-H    118.917      7.790      7.790      -404746 
        K39N-H-HA    118.917      7.790      4.152       -34896 
       K39N-H-HB2    118.917      7.790      1.886       -80356 
       K39N-H-HB3    118.917      7.790      1.886       -80356 
       K39N-H-HG2    118.917      7.790      1.574       -21997 
       K39N-H-HG3    118.917      7.790      1.454        -7803 
      K39N-H-G40H    118.917      7.790      7.885        -2669 
      K39N-H-F41H    118.917      7.790      7.859       -64049 
      G40N-H-K39H    106.796      7.885      7.790        -9673 
     G40N-H-K39HA    106.796      7.885      4.152       -12800 
    G40N-H-K39HB2    106.796      7.885      1.886       -12162 
    G40N-H-K39HB3    106.796      7.885      1.886       -12162 
         G40N-H-H    106.796      7.885      7.885      -107265 
       G40N-H-HA2    106.796      7.885      3.970       -18865 
       G40N-H-HA3    106.796      7.885      3.768       -22936 
      G40N-H-F41H    106.796      7.885      7.859       -73357 
     F41N-H-L38HA    120.317      7.859      4.072        -3603 
      F41N-H-K39H    120.317      7.859      7.790        -3680 
     F41N-H-K39HA    120.317      7.859      4.152        -4531 
      F41N-H-G40H    120.317      7.859      7.885      -144900 
    F41N-H-G40HA2    120.317      7.859      3.970        -5534 
    F41N-H-G40HA3    120.317      7.859      3.768        -5690 
         F41N-H-H    120.317      7.859      7.859      -169413 
        F41N-H-HA    120.317      7.859      4.455        -9616 
       F41N-H-HB2    120.317      7.859      3.047       -10846 
       F41N-H-HB3    120.317      7.859      2.891       -15201 
       F41N-H-HD1    120.317      7.859      7.169        -2670 
       F41N-H-HD2    120.317      7.859      7.169        -2670 
      F41N-H-R42H    120.317      7.859      8.044        -3391 
      R42N-H-F41H    121.581      8.044      7.859       -10730 
     R42N-H-F41HA    121.581      8.044      4.455       -10603 
    R42N-H-F41HB2    121.581      8.044      3.047        -3218 
    R42N-H-F41HB3    121.581      8.044      2.891        -2883 
         R42N-H-H    121.581      8.044      8.044      -157279 
        R42N-H-HA    121.581      8.044      4.269        -5717 
       R42N-H-HB2    121.581      8.044      1.850        -6110 
       R42N-H-HB3    121.581      8.044      1.763        -6857 
       R42N-H-HG2    121.581      8.044      1.618        -5930 
       R42N-H-HG3    121.581      8.044      1.589        -3945 
      R42N-H-S43H    121.581      8.044      8.218         -314 
      S43N-H-R42H    116.338      8.218      8.044          297 
     S43N-H-R42HA    116.338      8.218      4.269        -2588 
    S43N-H-R42HB2    116.338      8.218      1.850         -866 
    S43N-H-R42HB3    116.338      8.218      1.763         -576 
         S43N-H-H    116.338      8.218      8.218           61 
        S43N-H-HA    116.338      8.218      4.389        -1183 
       S43N-H-HB2    116.338      8.218      3.926        -1543 
       S43N-H-HB3    116.338      8.218      3.870        -1274 
      S43N-H-S44H    116.338      8.218      8.247          303 
      S44N-H-S43H    117.375      8.247      8.218          264 
     S44N-H-S43HA    117.375      8.247      4.389        -1185 
    S44N-H-S43HB2    117.375      8.247      3.926         -787 
    S44N-H-S43HB3    117.375      8.247      3.870         -788 
         S44N-H-H    117.375      8.247      8.247          403 
        S44N-H-HA    117.375      8.247      4.441         -865 
       S44N-H-HB2    117.375      8.247      3.922         -787 
       S44N-H-HB3    117.375      8.247      3.868         -788 
      S44N-H-M45H    117.375      8.247      8.194          179 
      M45N-H-S44H    122.021      8.194      8.247        -8741 
     M45N-H-S44HA    122.021      8.194      4.441        -6475 
    M45N-H-S44HB2    122.021      8.194      3.922        -1124 
    M45N-H-S44HB3    122.021      8.194      3.868        -1166 
         M45N-H-H    122.021      8.194      8.194        -9937 
        M45N-H-HA    122.021      8.194      4.417        -7056 
       M45N-H-HB2    122.021      8.194      2.055        -2020 
       M45N-H-HB3    122.021      8.194      1.975        -2980 
       M45N-H-HG2    122.021      8.194      2.542        -1277 
       M45N-H-HG3    122.021      8.194      2.473        -1273 
      M45N-H-K46H    122.021      8.194      8.220       -11822 
      K46N-H-M45H    122.277      8.220      8.194       -35528 
     K46N-H-M45HA    122.277      8.220      4.417       -18026 
    K46N-H-M45HB2    122.277      8.220      2.055        -2947 
    K46N-H-M45HB3    122.277      8.220      1.975        -2270 
         K46N-H-H    122.277      8.220      8.220       -65566 
        K46N-H-HA    122.277      8.220      4.276        -7359 
       K46N-H-HB2    122.277      8.220      1.801        -5333 
       K46N-H-HB3    122.277      8.220      1.730        -8964 
       K46N-H-HG3    122.277      8.220      1.358        -2160 
      K46N-H-L47H    122.277      8.220      8.210       -65566 
      L47N-H-K46H    123.549      8.210      8.220      -250563 
     L47N-H-K46HA    123.549      8.210      4.276       -36780 
    L47N-H-K46HB2    123.549      8.210      1.801        -4966 
    L47N-H-K46HB3    123.549      8.210      1.730        -3796 
         L47N-H-H    123.549      8.210      8.210      -250563 
        L47N-H-HA    123.549      8.210      4.299       -37276 
       L47N-H-HB2    123.549      8.210      1.573       -24584 
       L47N-H-HB3    123.549      8.210      1.483        -6417 
       L47N-H-HD1    123.549      8.210      0.881        -2559 
        L47N-H-HG    123.549      8.210      1.561       -23388 
      L47N-H-E48H    123.549      8.210      8.366        -2577 
      E48N-H-L47H    121.590      8.366      8.210           -9 
     E48N-H-L47HA    121.590      8.366      4.299       -31371 
    E48N-H-L47HB2    121.590      8.366      1.573        -4386 
    E48N-H-L47HB3    121.590      8.366      1.483        -5481 
         E48N-H-H    121.590      8.366      8.366      -214355 
        E48N-H-HA    121.590      8.366      4.211        -7751 
       E48N-H-HB2    121.590      8.366      1.899       -12039 
       E48N-H-HB3    121.590      8.366      1.840       -15175 
       E48N-H-HG2    121.590      8.366      2.186        -4397 
