      Assignment         w1         w2         w3   Data Height 

       D2N-H-M1HA    125.763      8.938      4.091        32776 
      D2N-H-M1HB2    125.763      8.938      2.189         6228 
      D2N-H-M1HB3    125.763      8.938      2.076         5174 
      D2N-H-M1HG2    125.763      8.938      2.524         9565 
      D2N-H-M1HG3    125.763      8.938      2.426         4391 
          D2N-H-H    125.763      8.938      8.938        89677 
         D2N-H-HA    125.763      8.938      4.796        20528 
        D2N-H-HB2    125.763      8.938      2.691        11172 
        D2N-H-HB3    125.763      8.938      2.583        20110 
        D2N-H-V3H    125.763      8.938      8.139         4513 
      D2N-H-V3HG2    125.763      8.938      0.483         2165 
        V3N-H-D2H    122.592      8.139      8.938         2471 
       V3N-H-D2HA    122.592      8.139      4.796        32056 
      V3N-H-D2HB2    122.592      8.139      2.691         6409 
      V3N-H-D2HB3    122.592      8.139      2.583         4473 
          V3N-H-H    122.592      8.139      8.139        82990 
         V3N-H-HA    122.592      8.139      3.957         4945 
         V3N-H-HB    122.592      8.139      1.673        14485 
        V3N-H-HG1    122.592      8.139      0.381         5068 
        V3N-H-HG2    122.592      8.139      0.483        14232 
        V3N-H-E4H    122.592      8.139      8.578         1953 
     V3N-H-V29HG2    122.592      8.139      0.989          230 
        E4N-H-V3H    126.197      8.578      8.139         1795 
       E4N-H-V3HA    126.197      8.578      3.957         9494 
       E4N-H-V3HB    126.197      8.578      1.673         3891 
      E4N-H-V3HG1    126.197      8.578      0.381         5767 
      E4N-H-V3HG2    126.197      8.578      0.483         2943 
          E4N-H-H    126.197      8.578      8.578        17662 
         E4N-H-HA    126.197      8.578      4.896         2643 
        E4N-H-HB2    126.197      8.578      2.074         3474 
        E4N-H-HB3    126.197      8.578      1.837         5283 
        E4N-H-HG2    126.197      8.578      2.281         6241 
        E4N-H-HG3    126.197      8.578      2.282         6241 
      E4N-H-K7HB2    126.197      8.578      1.637         3578 
      E4N-H-K7HB3    126.197      8.578      2.234         4904 
      E4N-H-K7HG2    126.197      8.578      1.242          506 
      E4N-H-K7HG3    126.197      8.578      1.482          953 
      E4N-H-Y9HE2    126.197      8.578      6.862         2986 
      E4N-H-A56HB    126.197      8.578      1.299         1161 
     E4N-H-V59HG2    126.197      8.578      0.694         1782 
       G6N-H-P5HA    111.714      9.294      4.033         9761 
      G6N-H-P5HB2    111.714      9.294      2.140         3341 
      G6N-H-P5HB3    111.714      9.294      1.976         2795 
          G6N-H-H    111.714      9.294      9.294        17214 
        G6N-H-HA2    111.714      9.294      4.343         7200 
        G6N-H-HA3    111.714      9.294      3.517         6389 
        G6N-H-K7H    111.714      9.294      7.590         5507 
     G6N-H-Q55HG2    111.714      9.294      1.573          961 
       G6N-H-A56H    111.714      9.294      8.917         1105 
      G6N-H-A56HB    111.714      9.294      1.299         4612 
       G6N-H-I57H    111.714      9.294      9.052          440 
      G6N-H-I57HA    111.714      9.294      4.397         4881 
     G6N-H-V59HG2    111.714      9.294      0.694          826 
       K7N-H-P5HA    121.067      7.590      4.033         3678 
        K7N-H-G6H    121.067      7.590      9.294         8181 
      K7N-H-G6HA2    121.067      7.590      4.343         4622 
      K7N-H-G6HA3    121.067      7.590      3.517         4114 
          K7N-H-H    121.067      7.590      7.590        56671 
         K7N-H-HA    121.067      7.590      4.476         7468 
        K7N-H-HB2    121.067      7.590      1.637        11279 
        K7N-H-HB3    121.067      7.590      2.234        10053 
        K7N-H-HD3    121.067      7.590      1.668         9936 
        K7N-H-HG2    121.067      7.590      1.242         7401 
        K7N-H-HG3    121.067      7.590      1.482         6783 
        K7N-H-F8H    121.067      7.590      8.175         3455 
      K7N-H-Y9HE2    121.067      7.590      6.862         4161 
     K7N-H-Q55HG2    121.067      7.590      1.573         5280 
     K7N-H-Q55HG3    121.067      7.590      0.992          952 
       K7N-H-A56H    121.067      7.590      8.917         1758 
      K7N-H-A56HB    121.067      7.590      1.299         6416 
        F8N-H-K7H    117.991      8.175      7.590         2038 
       F8N-H-K7HA    117.991      8.175      4.476         9687 
      F8N-H-K7HB2    117.991      8.175      1.637         6683 
      F8N-H-K7HB3    117.991      8.175      2.234         3354 
      F8N-H-K7HD3    117.991      8.175      1.668         5912 
          F8N-H-H    117.991      8.175      8.175        38854 
         F8N-H-HA    117.991      8.175      5.250         2447 
        F8N-H-HB2    117.991      8.175      2.757         4260 
        F8N-H-HB3    117.991      8.175      2.546         2737 
        F8N-H-HD1    117.991      8.175      7.103         5635 
        F8N-H-Y9H    117.991      8.175      9.447         1034 
      F8N-H-Q55HA    117.991      8.175      4.762         1416 
        Y9N-H-F8H    118.855      9.447      8.175          894 
       Y9N-H-F8HA    118.855      9.447      5.250         4663 
      Y9N-H-F8HB2    118.855      9.447      2.757          854 
      Y9N-H-F8HB3    118.855      9.447      2.546         1238 
          Y9N-H-H    118.855      9.447      9.447         9882 
         Y9N-H-HA    118.855      9.447      4.659         1228 
        Y9N-H-HB2    118.855      9.447      3.091         1269 
        Y9N-H-HB3    118.855      9.447      2.263         1977 
        Y9N-H-HD2    118.855      9.447      7.108         3168 
       Y9N-H-K10H    118.855      9.447      8.662          712 
      Y9N-H-K10HA    118.855      9.447      4.838          230 
     Y9N-H-L25HD2    118.855      9.447      0.503          933 
     Y9N-H-I53HG2    118.855      9.447      0.801         2016 
       Y9N-H-V54H    118.855      9.447      8.828         1538 
     Y9N-H-V54HG2    118.855      9.447     -0.141         1589 
      Y9N-H-Q55HA    118.855      9.447      4.762         1566 
       Y9N-H-A56H    118.855      9.447      8.917          904 
       K10N-H-Y9H    121.858      8.662      9.447         1429 
      K10N-H-Y9HA    121.858      8.662      4.659        13523 
     K10N-H-Y9HB2    121.858      8.662      3.091         4890 
     K10N-H-Y9HB3    121.858      8.662      2.263         3925 
     K10N-H-Y9HD1    121.858      8.662      7.108         4113 
         K10N-H-H    121.858      8.662      8.662        35414 
        K10N-H-HA    121.858      8.662      4.838         3455 
       K10N-H-HB2    121.858      8.662      1.868         8323 
       K10N-H-HB3    121.858      8.662      1.616         7141 
       K10N-H-HG2    121.858      8.662      1.342         4424 
       K10N-H-HG3    121.858      8.662      1.340         4424 
      K10N-H-G11H    121.858      8.662      9.089         1822 
    K10N-H-L25HD2    121.858      8.662      0.503         3551 
     K10N-H-I53HA    121.858      8.662      4.942         1063 
    K10N-H-I53HG2    121.858      8.662      0.801         1881 
      K10N-H-V54H    121.858      8.662      8.828          687 
      G11N-H-K10H    113.808      9.089      8.662         1421 
     G11N-H-K10HA    113.808      9.089      4.838        13752 
    G11N-H-K10HB2    113.808      9.089      1.868         2533 
    G11N-H-K10HB3    113.808      9.089      1.616         3929 
    G11N-H-K10HG2    113.808      9.089      1.342         5826 
    G11N-H-K10HG3    113.808      9.089      1.340         5826 
         G11N-H-H    113.808      9.089      9.089        23536 
       G11N-H-HA2    113.808      9.089      4.878        11536 
       G11N-H-HA3    113.808      9.089      3.200         4808 
      G11N-H-V12H    113.808      9.089      8.171         2723 
    G11N-H-I23HD1    113.808      9.089      0.633         3312 
    G11N-H-I23HG2    113.808      9.089      0.334         2799 
    G11N-H-L25HD2    113.808      9.089      0.503         2499 
     G11N-H-E51HA    113.808      9.089      5.167         1218 
      G11N-H-I52H    113.808      9.089      8.858         4425 
     G11N-H-I52HB    113.808      9.089      1.579         3796 
    G11N-H-I52HG2    113.808      9.089      0.602         3832 
     G11N-H-I53HA    113.808      9.089      4.942         3257 
      G11N-H-V54H    113.808      9.089      8.828         3849 
    G11N-H-V54HG1    113.808      9.089      0.769         3134 
    G11N-H-V54HG2    113.808      9.089     -0.141         1536 
      V12N-H-G11H    117.661      8.171      9.089         3184 
    V12N-H-G11HA2    117.661      8.171      4.878        11053 
    V12N-H-G11HA3    117.661      8.171      3.200         8505 
         V12N-H-H    117.661      8.171      8.171        43414 
        V12N-H-HA    117.661      8.171      5.094         4060 
        V12N-H-HB    117.661      8.171      1.813         9110 
       V12N-H-HG1    117.661      8.171      0.805         8363 
       V12N-H-HG2    117.661      8.171      0.883        10053 
      V12N-H-V13H    117.661      8.171      8.942         2124 
     V12N-H-I23HA    117.661      8.171      4.875        11053 
    V12N-H-I23HG2    117.661      8.171      0.334         9193 
      V12N-H-N24H    117.661      8.171      9.321         4913 
     V12N-H-N24HA    117.661      8.171      5.571          524 
    V12N-H-N24HB2    117.661      8.171      2.789         1715 
     V12N-H-L25HA    117.661      8.171      4.613         2213 
    V12N-H-L25HD2    117.661      8.171      0.503         4200 
     V12N-H-E51HA    117.661      8.171      5.167         1709 
      V13N-H-V12H    126.834      8.942      8.171         1792 
     V13N-H-V12HA    126.834      8.942      5.094        11226 
     V13N-H-V12HB    126.834      8.942      1.813         2075 
    V13N-H-V12HG1    126.834      8.942      0.805        10875 
    V13N-H-V12HG2    126.834      8.942      0.883        15394 
         V13N-H-H    126.834      8.942      8.942        18431 
        V13N-H-HA    126.834      8.942      4.302         2082 
        V13N-H-HB    126.834      8.942      2.423         6179 
       V13N-H-HG1    126.834      8.942      0.798        10875 
       V13N-H-HG2    126.834      8.942      0.907        15821 
      V13N-H-T14H    126.834      8.942      9.319         1471 
     V13N-H-I23HA    126.834      8.942      4.875          893 
    V13N-H-I23HD1    126.834      8.942      0.633         3994 
   V13N-H-I23HG12    126.834      8.942      1.223         1199 
    V13N-H-I23HG2    126.834      8.942      0.334          965 
      V13N-H-G49H    126.834      8.942      9.425         1332 
    V13N-H-G49HA2    126.834      8.942      4.482          569 
      V13N-H-D50H    126.834      8.942      8.008         2219 
     V13N-H-D50HA    126.834      8.942      4.568          778 
    V13N-H-D50HB2    126.834      8.942      2.573          461 
     V13N-H-E51HA    126.834      8.942      5.167         4899 
      V13N-H-I52H    126.834      8.942      8.858         1759 
    V13N-H-I52HD1    126.834      8.942      0.380          560 
   V13N-H-I52HG13    126.834      8.942      1.015         -612 
    T14N-H-V12HG1    120.710      9.319      0.805         6184 
    T14N-H-V12HG2    120.710      9.319      0.883         3886 
      T14N-H-V13H    120.710      9.319      8.942          768 
     T14N-H-V13HA    120.710      9.319      4.302         7473 
     T14N-H-V13HB    120.710      9.319      2.423          988 
    T14N-H-V13HG1    120.710      9.319      0.798         6184 
    T14N-H-V13HG2    120.710      9.319      0.907         4481 
         T14N-H-H    120.710      9.319      9.319        14285 
        T14N-H-HA    120.710      9.319      4.617         2470 
        T14N-H-HB    120.710      9.319      4.247         3787 
       T14N-H-HG2    120.710      9.319      1.253         4677 
      T14N-H-R15H    120.710      9.319      7.643         7891 
    T14N-H-R15HG2    120.710      9.319      1.431         -191 
     T14N-H-A21HB    120.710      9.319      1.181         1902 
      T14N-H-F22H    120.710      9.319      9.352        13004 
    T14N-H-F22HB2    120.710      9.319      3.043          460 
    T14N-H-F22HB3    120.710      9.319      2.805          567 
      T14N-H-I23H    120.710      9.319      9.104          411 
     T14N-H-I23HA    120.710      9.319      4.875         2709 
   T14N-H-I23HG12    120.710      9.319      1.223         4835 
   T14N-H-I23HG13    120.710      9.319      1.196         3551 
    T14N-H-I23HG2    120.710      9.319      0.334         1064 
      T14N-H-N24H    120.710      9.319      9.321        14285 
     R15N-H-V13HA    121.552      7.643      4.302         5865 
    R15N-H-V13HG1    121.552      7.643      0.798        10744 
      R15N-H-T14H    121.552      7.643      9.319        14958 
     R15N-H-T14HA    121.552      7.643      4.617         3020 
     R15N-H-T14HB    121.552      7.643      4.247         3187 
    R15N-H-T14HG2    121.552      7.643      1.253         4381 
         R15N-H-H    121.552      7.643      7.643        40228 
        R15N-H-HA    121.552      7.643      4.407         5468 
       R15N-H-HB2    121.552      7.643      2.110         3803 
       R15N-H-HB3    121.552      7.643      1.659         5101 
       R15N-H-HG2    121.552      7.643      1.431         1511 
       R15N-H-HG3    121.552      7.643      1.430         1511 
      R15N-H-I16H    121.552      7.643      9.195         2024 
     R15N-H-I16HA    121.552      7.643      4.354         4452 
    R15N-H-I16HD1    121.552      7.643      0.691         2194 
     R15N-H-A21HA    121.552      7.643      5.120         1708 
     R15N-H-A21HB    121.552      7.643      1.181         2921 
      R15N-H-F22H    121.552      7.643      9.352        15040 
    R15N-H-F22HB2    121.552      7.643      3.043         4357 
    R15N-H-F22HB3    121.552      7.643      2.805         3017 
    R15N-H-V48HG2    121.552      7.643      0.928         7395 
    I16N-H-V13HG1    127.746      9.195      0.798         7765 
      I16N-H-R15H    127.746      9.195      7.643         2219 
     I16N-H-R15HA    127.746      9.195      4.407        18365 
    I16N-H-R15HB2    127.746      9.195      2.110         4041 
    I16N-H-R15HB3    127.746      9.195      1.659        10466 
    I16N-H-R15HG3    127.746      9.195      1.430         4795 
         I16N-H-H    127.746      9.195      9.195        32049 
        I16N-H-HA    127.746      9.195      4.354         7363 
        I16N-H-HB    127.746      9.195      1.633        12168 
       I16N-H-HD1    127.746      9.195      0.691         7864 
      I16N-H-HG12    127.746      9.195      1.340         4628 
      I16N-H-HG13    127.746      9.195      0.702         8752 
       I16N-H-HG2    127.746      9.195      0.778         9038 
      I16N-H-E17H    127.746      9.195      8.468         2054 
    I16N-H-V48HG2    127.746      9.195      0.928         9599 
      E17N-H-I16H    125.854      8.468      9.195         1747 
     E17N-H-I16HA    125.854      8.468      4.354        10611 
     E17N-H-I16HB    125.854      8.468      1.633         4086 
    E17N-H-I16HD1    125.854      8.468      0.691         3817 
    E17N-H-I16HG2    125.854      8.468      0.778        14187 
         E17N-H-H    125.854      8.468      8.468        41837 
        E17N-H-HA    125.854      8.468      4.743         3958 
       E17N-H-HB2    125.854      8.468      1.710         2906 
       E17N-H-HB3    125.854      8.468      0.832        11582 
       E17N-H-HG2    125.854      8.468      2.402         1713 
       E17N-H-HG3    125.854      8.468      2.051         3255 
      E17N-H-K18H    125.854      8.468      9.244         2660 
      E17N-H-Y19H    125.854      8.468      6.368         1493 
      E17N-H-G20H    125.854      8.468      7.015         3319 
    E17N-H-G20HA2    125.854      8.468      4.231          -91 
      E17N-H-A21H    125.854      8.468      8.754          609 
     E17N-H-A21HA    125.854      8.468      5.120         3737 
     E17N-H-A21HB    125.854      8.468      1.181         2604 
      E17N-H-F22H    125.854      8.468      9.352         1807 
    E17N-H-L43HD1    125.854      8.468      0.854         6826 
    E17N-H-L43HD2    125.854      8.468      0.791        14905 
      K18N-H-E17H    119.022      9.244      8.468         2548 
     K18N-H-E17HA    119.022      9.244      4.743        13194 
    K18N-H-E17HB2    119.022      9.244      1.710        10206 
    K18N-H-E17HB3    119.022      9.244      0.832         8940 
         K18N-H-H    119.022      9.244      9.244        36109 
        K18N-H-HA    119.022      9.244      3.997        10512 
       K18N-H-HB2    119.022      9.244      1.873        19736 
       K18N-H-HB3    119.022      9.244      1.870        22065 
       K18N-H-HD2    119.022      9.244      1.749         7528 
       K18N-H-HD3    119.022      9.244      1.749         7528 
       K18N-H-HE3    119.022      9.244      3.061         1138 
       K18N-H-HG2    119.022      9.244      1.567         9575 
       K18N-H-HG3    119.022      9.244      1.530         9366 
      K18N-H-Y19H    119.022      9.244      6.368         8145 
      K18N-H-G20H    119.022      9.244      7.015         3662 
      Y19N-H-E17H    106.561      6.368      8.468         1774 
     Y19N-H-E17HA    106.561      6.368      4.743         8619 
    Y19N-H-E17HB2    106.561      6.368      1.710         5727 
    Y19N-H-E17HB3    106.561      6.368      0.832         7729 
    Y19N-H-E17HG3    106.561      6.368      2.051         1502 
      Y19N-H-K18H    106.561      6.368      9.244         8270 
     Y19N-H-K18HA    106.561      6.368      3.997         4689 
    Y19N-H-K18HB2    106.561      6.368      1.873         8589 
    Y19N-H-K18HB3    106.561      6.368      1.870         9534 
    Y19N-H-K18HG3    106.561      6.368      1.530         3300 
         Y19N-H-H    106.561      6.368      6.368        37364 
        Y19N-H-HA    106.561      6.368      4.717         8619 
       Y19N-H-HB2    106.561      6.368      3.394         3962 
       Y19N-H-HB3    106.561      6.368      2.866         4711 
       Y19N-H-HD1    106.561      6.368      6.977        17104 
       Y19N-H-HD2    106.561      6.368      6.977        17104 
      Y19N-H-G20H    106.561      6.368      7.015        15052 
    Y19N-H-G20HA3    106.561      6.368      3.855          964 
    Y19N-H-L43HD1    106.561      6.368      0.854         6317 
    G20N-H-I16HG2    108.408      7.015      0.778        10750 
      G20N-H-E17H    108.408      7.015      8.468         4361 
     G20N-H-E17HA    108.408      7.015      4.743         5408 
    G20N-H-E17HB2    108.408      7.015      1.710         3438 
    G20N-H-E17HB3    108.408      7.015      0.832        15770 
      G20N-H-K18H    108.408      7.015      9.244         3325 
     G20N-H-K18HA    108.408      7.015      3.997         2470 
      G20N-H-Y19H    108.408      7.015      6.368        13839 
     G20N-H-Y19HA    108.408      7.015      4.717         5408 
    G20N-H-Y19HB2    108.408      7.015      3.394         1616 
    G20N-H-Y19HB3    108.408      7.015      2.866         1787 
    G20N-H-Y19HD1    108.408      7.015      6.977        38301 
         G20N-H-H    108.408      7.015      7.015        55853 
       G20N-H-HA2    108.408      7.015      4.231         5635 
       G20N-H-HA3    108.408      7.015      3.855         6550 
      G20N-H-A21H    108.408      7.015      8.754         3286 
     G20N-H-A21HA    108.408      7.015      5.120          587 
    G20N-H-L32HD1    108.408      7.015     -0.009         2809 
    G20N-H-P35HD3    108.408      7.015      3.586         1576 
    G20N-H-L43HD1    108.408      7.015      0.854        12856 
    G20N-H-L43HD2    108.408      7.015      0.791        14950 
      A21N-H-E17H    119.763      8.754      8.468          584 
      A21N-H-G20H    119.763      8.754      7.015         2584 
    A21N-H-G20HA2    119.763      8.754      4.231         5460 
    A21N-H-G20HA3    119.763      8.754      3.855         6079 
         A21N-H-H    119.763      8.754      8.754        22544 
        A21N-H-HA    119.763      8.754      5.120         2376 
        A21N-H-HB    119.763      8.754      1.181        10403 
      A21N-H-F22H    119.763      8.754      9.352         3039 
     A21N-H-L32HA    119.763      8.754      4.843         2096 
    A21N-H-L32HD1    119.763      8.754     -0.009         4752 
     A21N-H-L32HG    119.763      8.754      1.196         9135 
      A21N-H-L33H    119.763      8.754      9.302         2826 
     A21N-H-L33HA    119.763      8.754      4.903         2356 
    A21N-H-L33HB2    119.763      8.754      2.096         1707 
    A21N-H-L33HB3    119.763      8.754      1.822          351 
    A21N-H-L33HD2    119.763      8.754      0.632         4215 
     A21N-H-L33HG    119.763      8.754      1.500         1651 
     A21N-H-R34HA    119.763      8.754      4.771         1237 
    A21N-H-P35HD3    119.763      8.754      3.586         1004 
    A21N-H-L43HD1    119.763      8.754      0.854         5349 
    A21N-H-L43HD2    119.763      8.754      0.791         6578 
    A21N-H-L46HD1    119.763      8.754      0.613         3407 
    F22N-H-V13HG1    122.315      9.352      0.798         5278 
      F22N-H-T14H    122.315      9.352      9.319        13039 
      F22N-H-R15H    122.315      9.352      7.643         3526 
    F22N-H-R15HG2    122.315      9.352      1.431          880 
    F22N-H-R15HG3    122.315      9.352      1.430          880 
     F22N-H-I16HA    122.315      9.352      4.354         3503 
    F22N-H-I16HD1    122.315      9.352      0.691         2787 
      F22N-H-E17H    122.315      9.352      8.468         1934 
    F22N-H-E17HG2    122.315      9.352      2.402          117 
      F22N-H-A21H    122.315      9.352      8.754         1330 
     F22N-H-A21HA    122.315      9.352      5.120        10497 
     F22N-H-A21HB    122.315      9.352      1.181         7899 
         F22N-H-H    122.315      9.352      9.352        19630 
        F22N-H-HA    122.315      9.352      5.243         2760 
       F22N-H-HB2    122.315      9.352      3.043         5171 
       F22N-H-HB3    122.315      9.352      2.805         4081 
       F22N-H-HD1    122.315      9.352      7.003         5014 
      F22N-H-I23H    122.315      9.352      9.104         1443 
   F22N-H-I23HG13    122.315      9.352      1.196         7008 
     F22N-H-L32HA    122.315      9.352      4.843          775 
    F22N-H-L32HD1    122.315      9.352     -0.009         1061 
      F22N-H-L33H    122.315      9.352      9.302         4989 
      I23N-H-T14H    123.829      9.104      9.319         3015 
      I23N-H-F22H    123.829      9.104      9.352         3032 
     I23N-H-F22HA    123.829      9.104      5.243         9544 
    I23N-H-F22HB2    123.829      9.104      3.043         2117 
    I23N-H-F22HB3    123.829      9.104      2.805         2176 
         I23N-H-H    123.829      9.104      9.104        16008 
        I23N-H-HA    123.829      9.104      4.875         3516 
        I23N-H-HB    123.829      9.104      1.712         4872 
       I23N-H-HD1    123.829      9.104      0.633         3719 
      I23N-H-HG12    123.829      9.104      1.223         3733 
      I23N-H-HG13    123.829      9.104      1.196         4402 
       I23N-H-HG2    123.829      9.104      0.334         3016 
      I23N-H-N24H    123.829      9.104      9.321         3015 
      I23N-H-G31H    123.829      9.104      9.047         7113 
    I23N-H-G31HA2    123.829      9.104      3.461          451 
    I23N-H-G31HA3    123.829      9.104      4.802         2876 
      I23N-H-L32H    123.829      9.104      8.195          517 
     I23N-H-L32HA    123.829      9.104      4.843         3690 
    I23N-H-L32HD1    123.829      9.104     -0.009         1385 
      I23N-H-L33H    123.829      9.104      9.302         1973 
    I23N-H-F68HD2    123.829      9.104      6.961         3460 
    I23N-H-F68HE2    123.829      9.104      6.977         3460 
    N24N-H-G11HA3    126.026      9.321      3.200          792 
      N24N-H-V12H    126.026      9.321      8.171         3951 
    N24N-H-V12HG1    126.026      9.321      0.805         3079 
    N24N-H-V12HG2    126.026      9.321      0.883         2208 
     N24N-H-V13HA    126.026      9.321      4.302         1742 
      N24N-H-T14H    126.026      9.321      9.319        15954 
    N24N-H-T14HG2    126.026      9.321      1.253         5034 
      N24N-H-I23H    126.026      9.321      9.104         1972 
     N24N-H-I23HA    126.026      9.321      4.875         7760 
     N24N-H-I23HB    126.026      9.321      1.712         1217 
   N24N-H-I23HG12    126.026      9.321      1.223         4993 
    N24N-H-I23HG2    126.026      9.321      0.334         5694 
         N24N-H-H    126.026      9.321      9.321        15954 
        N24N-H-HA    126.026      9.321      5.571         2567 
       N24N-H-HB2    126.026      9.321      2.789         3073 
       N24N-H-HB3    126.026      9.321      2.440         3895 
      N24N-H-HD21    126.026      9.321      7.613         1185 
      N24N-H-HD22    126.026      9.321      6.925         1158 
      N24N-H-L25H    126.026      9.321      9.053         1807 
N24ND2-HD21-V12HG1    112.825      7.613      0.805          221 
N24ND2-HD21-T14HG2    112.825      7.613      1.253          283 
    N24ND2-HD21-H    112.825      7.613      9.321          165 
   N24ND2-HD21-HA    112.825      7.613      5.571          239 
  N24ND2-HD21-HB2    112.825      7.613      2.789         1212 
  N24ND2-HD21-HB3    112.825      7.613      2.440          872 
 N24ND2-HD21-HD21    112.825      7.613      7.613        33418 
 N24ND2-HD21-HD22    112.825      7.613      6.925        14972 
N24ND2-HD22-T14HB    112.825      6.925      4.247         -104 
N24ND2-HD22-T14HG2    112.825      6.925      1.253         1326 
    N24ND2-HD22-H    112.825      6.925      9.321          988 
   N24ND2-HD22-HA    112.825      6.925      5.571         1791 
  N24ND2-HD22-HB2    112.825      6.925      2.789         3857 
  N24ND2-HD22-HB3    112.825      6.925      2.440         2779 
 N24ND2-HD22-HD21    112.825      6.925      7.613        22092 
 N24ND2-HD22-HD22    112.825      6.925      6.925        31309 
    L25N-H-I23HG2    122.946      9.053      0.334          795 
      L25N-H-N24H    122.946      9.053      9.321          909 
     L25N-H-N24HA    122.946      9.053      5.571         8721 
    L25N-H-N24HB2    122.946      9.053      2.789         1467 
    L25N-H-N24HB3    122.946      9.053      2.440         1037 
         L25N-H-H    122.946      9.053      9.053         9722 
        L25N-H-HA    122.946      9.053      4.613         1873 
       L25N-H-HB2    122.946      9.053      1.685         2333 
       L25N-H-HB3    122.946      9.053      1.542         4052 
       L25N-H-HD1    122.946      9.053      0.563         2805 
       L25N-H-HD2    122.946      9.053      0.503         3927 
        L25N-H-HG    122.946      9.053      1.558         4422 
      L25N-H-N26H    122.946      9.053      8.226         7053 
     L25N-H-V29HB    122.946      9.053      1.769         1976 
    L25N-H-V29HG1    122.946      9.053      0.774         2389 
     L25N-H-R30HA    122.946      9.053      5.592         7446 
      L25N-H-G31H    122.946      9.053      9.047         9722 
     L25N-H-F68HZ    122.946      9.053      6.724          390 
      N26N-H-M1HE    113.810      8.226      2.041         1359 
     N26N-H-N24HA    113.810      8.226      5.571         6600 
    N26N-H-N24HB2    113.810      8.226      2.789         3449 
    N26N-H-N24HB3    113.810      8.226      2.440         2679 
      N26N-H-L25H    113.810      8.226      9.053        12341 
     N26N-H-L25HA    113.810      8.226      4.613         3180 
    N26N-H-L25HB2    113.810      8.226      1.685         3813 
    N26N-H-L25HB3    113.810      8.226      1.542         4678 
    N26N-H-L25HD1    113.810      8.226      0.563         2648 
    N26N-H-L25HD2    113.810      8.226      0.503         4164 
     N26N-H-L25HG    113.810      8.226      1.558         4604 
         N26N-H-H    113.810      8.226      8.226        36028 
        N26N-H-HA    113.810      8.226      4.529         7257 
       N26N-H-HB2    113.810      8.226      3.365         1922 
       N26N-H-HB3    113.810      8.226      3.267         1900 
      N26N-H-E27H    113.810      8.226      9.025         8688 
      N26N-H-V29H    113.810      8.226      7.835         3470 
     N26N-H-V29HB    113.810      8.226      1.769         4582 
    N26N-H-V29HG1    113.810      8.226      0.774         3516 
    N26N-H-V29HG2    113.810      8.226      0.989         2833 
N26ND2-HD21-M1HB3    112.293      7.748      2.076         2345 
 N26ND2-HD21-M1HE    112.293      7.748      2.041         2892 
   N26ND2-HD21-HA    112.293      7.748      4.529         1813 
  N26ND2-HD21-HB2    112.293      7.748      3.365         4270 
  N26ND2-HD21-HB3    112.293      7.748      3.267         3255 
 N26ND2-HD21-HD21    112.293      7.748      7.748        21448 
 N26ND2-HD21-HD22    112.293      7.748      6.827        24034 
 N26ND2-HD21-E27H    112.293      7.748      9.025         1408 
 N26ND2-HD21-Q28H    112.293      7.748      8.196         1352 
 N26ND2-HD21-V29H    112.293      7.748      7.835         1558 
N26ND2-HD21-V29HB    112.293      7.748      1.769          446 
N26ND2-HD21-V29HG2    112.293      7.748      0.989         4044 
N26ND2-HD22-M1HB3    112.293      6.827      2.076         3078 
   N26ND2-HD22-HA    112.293      6.827      4.529         1905 
  N26ND2-HD22-HB2    112.293      6.827      3.365         4037 
  N26ND2-HD22-HB3    112.293      6.827      3.267         3726 
 N26ND2-HD22-HD21    112.293      6.827      7.748        23274 
 N26ND2-HD22-HD22    112.293      6.827      6.827        49831 
 N26ND2-HD22-E27H    112.293      6.827      9.025         1870 
 N26ND2-HD22-Q28H    112.293      6.827      8.196         1753 
N26ND2-HD22-V29HG2    112.293      6.827      0.989         5897 
      E27N-H-N26H    116.315      9.025      8.226         4004 
     E27N-H-N26HA    116.315      9.025      4.529         5580 
    E27N-H-N26HB2    116.315      9.025      3.365         5194 
    E27N-H-N26HB3    116.315      9.025      3.267         5977 
   E27N-H-N26HD21    116.315      9.025      7.748         1119 
   E27N-H-N26HD22    116.315      9.025      6.827          984 
         E27N-H-H    116.315      9.025      9.025        15067 
        E27N-H-HA    116.315      9.025      4.060         4479 
       E27N-H-HB2    116.315      9.025      2.080        11039 
       E27N-H-HB3    116.315      9.025      2.076        11039 
       E27N-H-HG2    116.315      9.025      2.393         3626 
       E27N-H-HG3    116.315      9.025      2.360         4624 
      E27N-H-Q28H    116.315      9.025      8.196         4569 
      E27N-H-V29H    116.315      9.025      7.835         1242 
     Q28N-H-N26HA    114.539      8.196      4.529         2940 
    Q28N-H-N26HB3    114.539      8.196      3.267         2462 
   Q28N-H-N26HD21    114.539      8.196      7.748          335 
   Q28N-H-N26HD22    114.539      8.196      6.827         1765 
      Q28N-H-E27H    114.539      8.196      9.025         7017 
     Q28N-H-E27HA    114.539      8.196      4.060         5554 
    Q28N-H-E27HB2    114.539      8.196      2.080        21554 
    Q28N-H-E27HB3    114.539      8.196      2.076        21554 
    Q28N-H-E27HG2    114.539      8.196      2.393         7172 
         Q28N-H-H    114.539      8.196      8.196        58745 
        Q28N-H-HA    114.539      8.196      4.458        12638 
       Q28N-H-HB2    114.539      8.196      2.187         8125 
       Q28N-H-HB3    114.539      8.196      2.083        21554 
      Q28N-H-HE21    114.539      8.196      7.574         1373 
       Q28N-H-HG2    114.539      8.196      2.357        16696 
       Q28N-H-HG3    114.539      8.196      2.358        16696 
      Q28N-H-V29H    114.539      8.196      7.835        20923 
     Q28N-H-V29HB    114.539      8.196      1.769         3894 
    Q28N-H-V29HG2    114.539      8.196      0.989         7400 
Q28NE2-HE21-E27HA    112.552      7.574      4.060         3222 
Q28NE2-HE21-E27HB2    112.552      7.574      2.080         7954 
Q28NE2-HE21-E27HB3    112.552      7.574      2.076         7954 
Q28NE2-HE21-E27HG2    112.552      7.574      2.393        10544 
Q28NE2-HE21-E27HG3    112.552      7.574      2.360        19810 
    Q28NE2-HE21-H    112.552      7.574      8.196         2728 
   Q28NE2-HE21-HA    112.552      7.574      4.458         2800 
  Q28NE2-HE21-HB2    112.552      7.574      2.187         1423 
  Q28NE2-HE21-HB3    112.552      7.574      2.083         7954 
 Q28NE2-HE21-HE21    112.552      7.574      7.574       501750 
 Q28NE2-HE21-HE22    112.552      7.574      6.866       266320 
  Q28NE2-HE21-HG2    112.552      7.574      2.357        19810 
  Q28NE2-HE21-HG3    112.552      7.574      2.358        19810 
Q28NE2-HE22-E27HG2    112.552      6.866      2.393         6562 
   Q28NE2-HE22-HA    112.552      6.866      4.458         2111 
  Q28NE2-HE22-HB3    112.552      6.866      2.083         8928 
 Q28NE2-HE22-HE21    112.552      6.866      7.574       388648 
 Q28NE2-HE22-HE22    112.552      6.866      6.866       683889 
  Q28NE2-HE22-HG2    112.552      6.866      2.357        14234 
  Q28NE2-HE22-HG3    112.552      6.866      2.358        14234 
      V29N-H-N26H    122.042      7.835      8.226        18636 
     V29N-H-N26HA    122.042      7.835      4.529         1640 
    V29N-H-N26HB2    122.042      7.835      3.365          609 
    V29N-H-N26HB3    122.042      7.835      3.267          925 
   V29N-H-N26HD21    122.042      7.835      7.748         -931 
      V29N-H-E27H    122.042      7.835      9.025         2766 
     V29N-H-E27HA    122.042      7.835      4.060         4213 
      V29N-H-Q28H    122.042      7.835      8.196        21918 
     V29N-H-Q28HA    122.042      7.835      4.458         5182 
    V29N-H-Q28HB2    122.042      7.835      2.187         3445 
    V29N-H-Q28HB3    122.042      7.835      2.083         7595 
    V29N-H-Q28HG2    122.042      7.835      2.357         5319 
         V29N-H-H    122.042      7.835      7.835        43946 
        V29N-H-HA    122.042      7.835      4.117         5366 
        V29N-H-HB    122.042      7.835      1.769         9639 
       V29N-H-HG1    122.042      7.835      0.774         6509 
       V29N-H-HG2    122.042      7.835      0.989        15429 
      V29N-H-R30H    122.042      7.835      8.585         2903 
      R30N-H-V29H    128.847      8.585      7.835         2552 
     R30N-H-V29HA    128.847      8.585      4.117        23549 
     R30N-H-V29HB    128.847      8.585      1.769         6822 
    R30N-H-V29HG1    128.847      8.585      0.774        11437 
    R30N-H-V29HG2    128.847      8.585      0.989         7966 
         R30N-H-H    128.847      8.585      8.585        45141 
        R30N-H-HA    128.847      8.585      5.592         4724 
       R30N-H-HB2    128.847      8.585      1.875         5707 
       R30N-H-HB3    128.847      8.585      1.817         7296 
       R30N-H-HG2    128.847      8.585      1.719         5216 
      R30N-H-G31H    128.847      8.585      9.047         2567 
    R30N-H-I66HD1    128.847      8.585      0.609         3200 
    G31N-H-F22HB3    109.418      9.047      2.805          139 
      G31N-H-I23H    109.418      9.047      9.104        12174 
     G31N-H-I23HB    109.418      9.047      1.712         4356 
    G31N-H-I23HG2    109.418      9.047      0.334         1285 
     G31N-H-N24HA    109.418      9.047      5.571        10829 
      G31N-H-L25H    109.418      9.047      9.053        20730 
    G31N-H-V29HG1    109.418      9.047      0.774         1461 
      G31N-H-R30H    109.418      9.047      8.585         1592 
     G31N-H-R30HA    109.418      9.047      5.592         9974 
    G31N-H-R30HB2    109.418      9.047      1.875         3072 
    G31N-H-R30HB3    109.418      9.047      1.817         4287 
    G31N-H-R30HG2    109.418      9.047      1.719         4356 
    G31N-H-R30HG3    109.418      9.047      1.596         2760 
         G31N-H-H    109.418      9.047      9.047        20730 
       G31N-H-HA2    109.418      9.047      3.461         2978 
       G31N-H-HA3    109.418      9.047      4.802         3489 
      G31N-H-L32H    109.418      9.047      8.195         2288 
     G31N-H-L32HA    109.418      9.047      4.843         2906 
     G31N-H-I66HB    109.418      9.047      1.157         1582 
    G31N-H-F68HE2    109.418      9.047      6.977         5964 
     G31N-H-F68HZ    109.418      9.047      6.724         1520 
     L32N-H-F22HA    121.840      8.195      5.243          815 
      L32N-H-I23H    121.840      8.195      9.104         1609 
      L32N-H-G31H    121.840      8.195      9.047         2084 
    L32N-H-G31HA2    121.840      8.195      3.461         5764 
    L32N-H-G31HA3    121.840      8.195      4.802         9125 
         L32N-H-H    121.840      8.195      8.195        40383 
        L32N-H-HA    121.840      8.195      4.843         7876 
       L32N-H-HB2    121.840      8.195      1.802         6325 
       L32N-H-HB3    121.840      8.195      1.184         9152 
       L32N-H-HD1    121.840      8.195     -0.009         2609 
       L32N-H-HD2    121.840      8.195      0.689         3769 
        L32N-H-HG    121.840      8.195      1.196         7981 
      L32N-H-L33H    121.840      8.195      9.302         1580 
     L32N-H-L33HA    121.840      8.195      4.903         2512 
      L32N-H-I66H    121.840      8.195      7.987         1407 
     L32N-H-I66HB    121.840      8.195      1.157         7254 
    L32N-H-I66HG2    121.840      8.195      0.091         1719 
      L32N-H-D67H    121.840      8.195      8.216        40383 
     L32N-H-D67HA    121.840      8.195      5.338         3614 
      L32N-H-F68H    121.840      8.195      8.846         2020 
    L32N-H-F68HD2    121.840      8.195      6.961         2967 
    L32N-H-F68HE2    121.840      8.195      6.977         2967 
    L33N-H-G20HA3    129.090      9.302      3.855          259 
      L33N-H-A21H    129.090      9.302      8.754         1831 
     L33N-H-A21HA    129.090      9.302      5.120          166 
     L33N-H-A21HB    129.090      9.302      1.181         5790 
      L33N-H-F22H    129.090      9.302      9.352         6787 
     L33N-H-F22HA    129.090      9.302      5.243         1659 
      L33N-H-I23H    129.090      9.302      9.104          862 
     L33N-H-I23HB    129.090      9.302      1.712          667 
    L33N-H-I23HD1    129.090      9.302      0.633         5050 
   L33N-H-I23HG13    129.090      9.302      1.196         5458 
      L33N-H-L32H    129.090      9.302      8.195         1076 
     L33N-H-L32HA    129.090      9.302      4.843         6731 
    L33N-H-L32HB2    129.090      9.302      1.802         1373 
    L33N-H-L32HB3    129.090      9.302      1.184         5790 
    L33N-H-L32HD1    129.090      9.302     -0.009         6323 
    L33N-H-L32HD2    129.090      9.302      0.689         3279 
     L33N-H-L32HG    129.090      9.302      1.196         5458 
         L33N-H-H    129.090      9.302      9.302         9328 
        L33N-H-HA    129.090      9.302      4.903         4373 
       L33N-H-HB2    129.090      9.302      2.096         2698 
       L33N-H-HB3    129.090      9.302      1.822         1282 
       L33N-H-HD1    129.090      9.302      0.873         1789 
       L33N-H-HD2    129.090      9.302      0.632         5050 
        L33N-H-HG    129.090      9.302      1.500         1398 
      L33N-H-R34H    129.090      9.302      9.425          367 
    L33N-H-F68HB2    129.090      9.302      3.123          154 
    L33N-H-F68HD2    129.090      9.302      6.961         1150 
     R34N-H-L32HG    127.100      9.425      1.196          805 
      R34N-H-L33H    127.100      9.425      9.302          496 
     R34N-H-L33HA    127.100      9.425      4.903         3795 
    R34N-H-L33HB2    127.100      9.425      2.096         1705 
    R34N-H-L33HB3    127.100      9.425      1.822          823 
    R34N-H-L33HD1    127.100      9.425      0.873         2882 
    R34N-H-L33HD2    127.100      9.425      0.632         1482 
     R34N-H-L33HG    127.100      9.425      1.500         1008 
         R34N-H-H    127.100      9.425      9.425         5535 
        R34N-H-HA    127.100      9.425      4.771          895 
      R34N-H-D37H    127.100      9.425      7.967          643 
    R34N-H-D37HB2    127.100      9.425      3.274          659 
      R34N-H-F68H    127.100      9.425      8.846          790 
    R34N-H-F68HB2    127.100      9.425      3.123          168 
     R34N-H-K69HA    127.100      9.425      5.063          179 
     R36N-H-R34HA    114.597      8.094      4.771          357 
     R36N-H-P35HA    114.597      8.094      4.476         2097 
    R36N-H-P35HB2    114.597      8.094      2.502         3054 
    R36N-H-P35HB3    114.597      8.094      2.131         8452 
    R36N-H-P35HD2    114.597      8.094      3.879         1608 
    R36N-H-P35HD3    114.597      8.094      3.586         1428 
    R36N-H-P35HG2    114.597      8.094      2.342         2225 
    R36N-H-P35HG3    114.597      8.094      2.006         7575 
         R36N-H-H    114.597      8.094      8.094        30296 
        R36N-H-HA    114.597      8.094      4.298         8907 
       R36N-H-HB2    114.597      8.094      1.967         9621 
       R36N-H-HB3    114.597      8.094      1.804         8418 
       R36N-H-HD2    114.597      8.094      3.215         3247 
       R36N-H-HD3    114.597      8.094      3.161         3497 
       R36N-H-HG2    114.597      8.094      1.556        12637 
       R36N-H-HG3    114.597      8.094      1.556        12637 
      R36N-H-D37H    114.597      8.094      7.967         4343 
      R36N-H-M38H    114.597      8.094      7.447         1621 
    D37N-H-L33HD1    118.980      7.967      0.873         2962 
      D37N-H-R34H    118.980      7.967      9.425         1108 
     D37N-H-P35HA    118.980      7.967      4.476         1780 
      D37N-H-R36H    118.980      7.967      8.094         4423 
     D37N-H-R36HA    118.980      7.967      4.298         3493 
    D37N-H-R36HB2    118.980      7.967      1.967         3102 
    D37N-H-R36HB3    118.980      7.967      1.804         2581 
    D37N-H-R36HG3    118.980      7.967      1.556         7345 
         D37N-H-H    118.980      7.967      7.967        32681 
        D37N-H-HA    118.980      7.967      5.128         7171 
       D37N-H-HB2    118.980      7.967      3.274         4427 
       D37N-H-HB3    118.980      7.967      2.894         5668 
      D37N-H-M38H    118.980      7.967      7.447        12193 
     D37N-H-M38HA    118.980      7.967      4.871         1585 
    D37N-H-M38HB2    118.980      7.967      2.177         3508 
    D37N-H-M38HG2    118.980      7.967      2.776         1934 
    M38N-H-L33HD1    117.684      7.447      0.873         3152 
     M38N-H-P35HA    117.684      7.447      4.476         3469 
      M38N-H-R36H    117.684      7.447      8.094         1681 
     M38N-H-R36HA    117.684      7.447      4.298         2569 
      M38N-H-D37H    117.684      7.447      7.967        14877 
     M38N-H-D37HA    117.684      7.447      5.128         6946 
    M38N-H-D37HB2    117.684      7.447      3.274         1375 
    M38N-H-D37HB3    117.684      7.447      2.894         2579 
         M38N-H-H    117.684      7.447      7.447        58960 
        M38N-H-HA    117.684      7.447      4.871         3914 
       M38N-H-HB2    117.684      7.447      2.177        12370 
       M38N-H-HB3    117.684      7.447      2.176        12370 
       M38N-H-HG2    117.684      7.447      2.776         5778 
       M38N-H-HG3    117.684      7.447      2.100        11779 
      M38N-H-I39H    117.684      7.447      8.423         2430 
      M38N-H-Y70H    117.684      7.447      8.833         1678 
      I39N-H-M38H    125.687      8.423      7.447          907 
     I39N-H-M38HA    125.687      8.423      4.871        13328 
    I39N-H-M38HB2    125.687      8.423      2.177         5314 
    I39N-H-M38HB3    125.687      8.423      2.176         5314 
         I39N-H-H    125.687      8.423      8.423       686845 
        I39N-H-HA    125.687      8.423      4.343         1561 
        I39N-H-HB    125.687      8.423      2.208         4795 
       I39N-H-HD1    125.687      8.423      0.944         2670 
      I39N-H-HG12    125.687      8.423      1.632         3098 
      I39N-H-HG13    125.687      8.423      1.369         2665 
       I39N-H-HG2    125.687      8.423      1.024         3180 
      I39N-H-S40H    125.687      8.423      8.844          456 
      I39N-H-L41H    125.687      8.423      7.925         -536 
      I39N-H-Y70H    125.687      8.423      8.833          456 
    I39N-H-Y70HB2    125.687      8.423      2.813          793 
    I39N-H-Y70HB3    125.687      8.423      2.814          793 
    I39N-H-Y70HD1    125.687      8.423      7.224         4940 
      S40N-H-I39H    118.024      8.844      8.423         1578 
     S40N-H-I39HA    118.024      8.844      4.343        19234 
     S40N-H-I39HB    118.024      8.844      2.208         2455 
    S40N-H-I39HD1    118.024      8.844      0.944         5999 
   S40N-H-I39HG12    118.024      8.844      1.632         2562 
    S40N-H-I39HG2    118.024      8.844      1.024        11458 
         S40N-H-H    118.024      8.844      8.844        36422 
        S40N-H-HA    118.024      8.844      3.917        16659 
       S40N-H-HB2    118.024      8.844      4.294        14114 
       S40N-H-HB3    118.024      8.844      4.133         4329 
      S40N-H-L41H    118.024      8.844      7.925         5588 
    S40N-H-L41HB2    118.024      8.844      1.306         2101 
     S40N-H-L41HG    118.024      8.844      1.305         2101 
    L41N-H-M38HB3    122.690      7.925      2.176         4482 
     L41N-H-M38HE    122.690      7.925      1.535         5035 
      L41N-H-I39H    122.690      7.925      8.423         1355 
     L41N-H-I39HB    122.690      7.925      2.208         3561 
      L41N-H-S40H    122.690      7.925      8.844         8617 
     L41N-H-S40HA    122.690      7.925      3.917         9232 
    L41N-H-S40HB2    122.690      7.925      4.294        16508 
    L41N-H-S40HB3    122.690      7.925      4.133         5543 
         L41N-H-H    122.690      7.925      7.925       122228 
        L41N-H-HA    122.690      7.925      4.250        13887 
       L41N-H-HB2    122.690      7.925      1.306        16338 
       L41N-H-HB3    122.690      7.925      1.089        11267 
       L41N-H-HD1    122.690      7.925      0.641        10173 
       L41N-H-HD2    122.690      7.925      0.031         5869 
        L41N-H-HG    122.690      7.925      1.305        16338 
      L41N-H-R42H    122.690      7.925      8.096         3730 
     R42N-H-M38HE    122.382      8.096      1.535         9302 
      R42N-H-L41H    122.382      8.096      7.925         3190 
     R42N-H-L41HA    122.382      8.096      4.250        17760 
    R42N-H-L41HB2    122.382      8.096      1.306         8395 
    R42N-H-L41HB3    122.382      8.096      1.089         2672 
    R42N-H-L41HD2    122.382      8.096      0.031         3351 
         R42N-H-H    122.382      8.096      8.096        46936 
        R42N-H-HA    122.382      8.096      4.725         5300 
       R42N-H-HB2    122.382      8.096      2.146         4622 
       R42N-H-HB3    122.382      8.096      1.511         8380 
       R42N-H-HG2    122.382      8.096      1.628        10029 
       R42N-H-HG3    122.382      8.096      1.627        10029 
      R42N-H-L43H    122.382      8.096      9.163         2090 
      R42N-H-N45H    122.382      8.096      7.864         2732 
    R42N-H-N45HB2    122.382      8.096      3.112         2846 
   R42N-H-N45HD21    122.382      8.096      7.775          412 
   R42N-H-N45HD22    122.382      8.096      7.034          979 
    R42N-H-L46HD2    122.382      8.096      0.618        14357 
     R42N-H-L46HG    122.382      8.096      1.564         9626 
    L43N-H-P35HB3    124.246      9.163      2.131         5558 
    L43N-H-M38HG3    124.246      9.163      2.100         4699 
      L43N-H-R42H    124.246      9.163      8.096         1933 
     L43N-H-R42HA    124.246      9.163      4.725        10531 
    L43N-H-R42HB2    124.246      9.163      2.146         4964 
    L43N-H-R42HB3    124.246      9.163      1.511        17826 
    L43N-H-R42HD2    124.246      9.163      3.191         1934 
         L43N-H-H    124.246      9.163      9.163        23894 
        L43N-H-HA    124.246      9.163      3.650         5061 
       L43N-H-HB2    124.246      9.163      1.544        22276 
       L43N-H-HB3    124.246      9.163      1.544        22276 
       L43N-H-HD1    124.246      9.163      0.854         5130 
       L43N-H-HD2    124.246      9.163      0.791         6476 
        L43N-H-HG    124.246      9.163      1.640        10524 
      L43N-H-E44H    124.246      9.163      9.028         4052 
    L43N-H-E44HG3    124.246      9.163      2.232         1714 
      L43N-H-N45H    124.246      9.163      7.864         1312 
    L43N-H-L46HD1    124.246      9.163      0.613         2380 
     L43N-H-L46HG    124.246      9.163      1.564        20869 
     E44N-H-R42HA    113.908      9.028      4.725         3190 
    E44N-H-R42HB2    113.908      9.028      2.146         6568 
    E44N-H-R42HB3    113.908      9.028      1.511        12263 
      E44N-H-L43H    113.908      9.028      9.163         4838 
     E44N-H-L43HA    113.908      9.028      3.650         2699 
    E44N-H-L43HB2    113.908      9.028      1.544        14853 
    E44N-H-L43HB3    113.908      9.028      1.544        14853 
    E44N-H-L43HD1    113.908      9.028      0.854         2849 
    E44N-H-L43HD2    113.908      9.028      0.791         4006 
     E44N-H-L43HG    113.908      9.028      1.640         5344 
         E44N-H-H    113.908      9.028      9.028        43812 
        E44N-H-HA    113.908      9.028      4.195        10785 
       E44N-H-HB2    113.908      9.028      2.007        18123 
       E44N-H-HB3    113.908      9.028      2.007        18123 
       E44N-H-HG2    113.908      9.028      2.234        13385 
       E44N-H-HG3    113.908      9.028      2.232        13385 
      E44N-H-N45H    113.908      9.028      7.864         7446 
      E44N-H-L46H    113.908      9.028      7.544         1971 
     E44N-H-L46HG    113.908      9.028      1.564        13499 
      N45N-H-R42H    116.076      7.864      8.096         1809 
     N45N-H-R42HA    116.076      7.864      4.725         7295 
    N45N-H-R42HB2    116.076      7.864      2.146         3389 
    N45N-H-R42HB3    116.076      7.864      1.511         6566 
      N45N-H-L43H    116.076      7.864      9.163         1494 
     N45N-H-L43HA    116.076      7.864      3.650         1895 
      N45N-H-E44H    116.076      7.864      9.028         6978 
     N45N-H-E44HA    116.076      7.864      4.195         4650 
    N45N-H-E44HB2    116.076      7.864      2.007         5754 
    N45N-H-E44HB3    116.076      7.864      2.007         5754 
    N45N-H-E44HG3    116.076      7.864      2.232         6139 
         N45N-H-H    116.076      7.864      7.864        73518 
        N45N-H-HA    116.076      7.864      4.771         8583 
       N45N-H-HB2    116.076      7.864      3.112        10428 
       N45N-H-HB3    116.076      7.864      2.691        13095 
      N45N-H-HD21    116.076      7.864      7.775         -925 
      N45N-H-HD22    116.076      7.864      7.034         2129 
      N45N-H-L46H    116.076      7.864      7.544        16739 
     N45N-H-L46HA    116.076      7.864      4.493         1677 
    N45N-H-L46HB2    116.076      7.864      1.905         2391 
    N45N-H-L46HD1    116.076      7.864      0.613         6954 
    N45N-H-L46HD2    116.076      7.864      0.618         7989 
     N45N-H-L46HG    116.076      7.864      1.564         7696 
N45ND2-HD21-L41HA    109.748      7.775      4.250          962 
N45ND2-HD21-L41HD2    109.748      7.775      0.031          712 
 N45ND2-HD21-R42H    109.748      7.775      8.096         1203 
N45ND2-HD21-R42HB2    109.748      7.775      2.146         1607 
N45ND2-HD21-R42HG2    109.748      7.775      1.628         1882 
    N45ND2-HD21-H    109.748      7.775      7.864         1284 
   N45ND2-HD21-HA    109.748      7.775      4.771        18075 
  N45ND2-HD21-HB2    109.748      7.775      3.112         8054 
  N45ND2-HD21-HB3    109.748      7.775      2.691         5798 
 N45ND2-HD21-HD21    109.748      7.775      7.775        86145 
 N45ND2-HD21-HD22    109.748      7.775      7.034        82142 
N45ND2-HD21-L46HD2    109.748      7.775      0.618         3712 
 N45ND2-HD22-R42H    109.748      7.034      8.096         1354 
N45ND2-HD22-R42HB2    109.748      7.034      2.146         2161 
N45ND2-HD22-E44HB2    109.748      7.034      2.007         1738 
    N45ND2-HD22-H    109.748      7.034      7.864          849 
   N45ND2-HD22-HA    109.748      7.034      4.771        13807 
  N45ND2-HD22-HB2    109.748      7.034      3.112         6462 
  N45ND2-HD22-HB3    109.748      7.034      2.691         4535 
 N45ND2-HD22-HD21    109.748      7.034      7.775        84303 
 N45ND2-HD22-HD22    109.748      7.034      7.034       107090 
    L46N-H-I16HD1    119.287      7.544      0.691         6676 
    L46N-H-I16HG2    119.287      7.544      0.778         3140 
     L46N-H-L43HA    119.287      7.544      3.650         2229 
      L46N-H-E44H    119.287      7.544      9.028         2064 
     L46N-H-E44HA    119.287      7.544      4.195         3241 
      L46N-H-N45H    119.287      7.544      7.864        16550 
     L46N-H-N45HA    119.287      7.544      4.771         5093 
    L46N-H-N45HB2    119.287      7.544      3.112         3355 
    L46N-H-N45HB3    119.287      7.544      2.691         3508 
         L46N-H-H    119.287      7.544      7.544        54936 
        L46N-H-HA    119.287      7.544      4.493         5604 
       L46N-H-HB2    119.287      7.544      1.905         8718 
       L46N-H-HB3    119.287      7.544      1.123         6701 
       L46N-H-HD1    119.287      7.544      0.613        15161 
       L46N-H-HD2    119.287      7.544      0.618        15684 
        L46N-H-HG    119.287      7.544      1.564        12227 
      L46N-H-N47H    119.287      7.544      8.183         2480 
     N47N-H-V13HB    117.093      8.183      2.423         1837 
    N47N-H-V13HG1    117.093      8.183      0.798         1551 
    N47N-H-V13HG2    117.093      8.183      0.907         2728 
    N47N-H-I16HD1    117.093      8.183      0.691         4209 
      N47N-H-L46H    117.093      8.183      7.544         1890 
     N47N-H-L46HA    117.093      8.183      4.493        12010 
    N47N-H-L46HB2    117.093      8.183      1.905         2755 
    N47N-H-L46HB3    117.093      8.183      1.123         3718 
    N47N-H-L46HD2    117.093      8.183      0.618         9398 
         N47N-H-H    117.093      8.183      8.183        23656 
        N47N-H-HA    117.093      8.183      4.880         3224 
       N47N-H-HB2    117.093      8.183      2.628         5800 
       N47N-H-HB3    117.093      8.183      2.503         4000 
      N47N-H-HD21    117.093      8.183      7.943         2292 
      N47N-H-HD22    117.093      8.183      6.790         1288 
      N47N-H-V48H    117.093      8.183      8.716         1563 
      N47N-H-D50H    117.093      8.183      8.008         1693 
    N47N-H-D50HB2    117.093      8.183      2.573         3879 
    N47N-H-D50HB3    117.093      8.183      2.802         1357 
N47ND2-HD21-L46HA    115.717      7.943      4.493          837 
    N47ND2-HD21-H    115.717      7.943      8.183         1727 
   N47ND2-HD21-HA    115.717      7.943      4.880         1688 
  N47ND2-HD21-HB2    115.717      7.943      2.628         5643 
  N47ND2-HD21-HB3    115.717      7.943      2.503         3202 
 N47ND2-HD21-HD21    115.717      7.943      7.943        44610 
 N47ND2-HD21-HD22    115.717      7.943      6.790        44910 
N47ND2-HD22-N45HA    115.717      6.790      4.771          817 
N47ND2-HD22-L46HA    115.717      6.790      4.493         1489 
    N47ND2-HD22-H    115.717      6.790      8.183         2729 
   N47ND2-HD22-HA    115.717      6.790      4.880         2544 
  N47ND2-HD22-HB2    115.717      6.790      2.628         7674 
  N47ND2-HD22-HB3    115.717      6.790      2.503         4620 
 N47ND2-HD22-HD21    115.717      6.790      7.943        81794 
 N47ND2-HD22-HD22    115.717      6.790      6.790       104168 
    V48N-H-V13HG1    122.411      8.716      0.798         2173 
    V48N-H-I16HD1    122.411      8.716      0.691         8180 
   V48N-H-I16HG12    122.411      8.716      1.340         1296 
      V48N-H-N47H    122.411      8.716      8.183         2209 
     V48N-H-N47HA    122.411      8.716      4.880        15555 
    V48N-H-N47HB2    122.411      8.716      2.628         5359 
    V48N-H-N47HB3    122.411      8.716      2.503         7169 
         V48N-H-H    122.411      8.716      8.716        35858 
        V48N-H-HA    122.411      8.716      3.359         4301 
        V48N-H-HB    122.411      8.716      1.886        16000 
       V48N-H-HG1    122.411      8.716      0.922        28876 
       V48N-H-HG2    122.411      8.716      0.928        28876 
      V48N-H-G49H    122.411      8.716      9.425         2223 
      V48N-H-D50H    122.411      8.716      8.008         1143 
    G49N-H-V12HG2    117.211      9.425      0.883        10880 
      G49N-H-V13H    117.211      9.425      8.942         1634 
     G49N-H-V13HB    117.211      9.425      2.423         3497 
    G49N-H-V13HG1    117.211      9.425      0.798         7422 
    G49N-H-V13HG2    117.211      9.425      0.907        15012 
     G49N-H-T14HA    117.211      9.425      4.617         1396 
      G49N-H-V48H    117.211      9.425      8.716         1603 
     G49N-H-V48HA    117.211      9.425      3.359         9423 
     G49N-H-V48HB    117.211      9.425      1.886         1930 
    G49N-H-V48HG1    117.211      9.425      0.922        14367 
    G49N-H-V48HG2    117.211      9.425      0.928        14367 
         G49N-H-H    117.211      9.425      9.425        13319 
       G49N-H-HA2    117.211      9.425      4.482         5711 
       G49N-H-HA3    117.211      9.425      3.448         6430 
      G49N-H-D50H    117.211      9.425      8.008         5211 
    G49N-H-D50HB2    117.211      9.425      2.573          649 
    D50N-H-V12HG2    121.681      8.008      0.883        10836 
      D50N-H-V13H    121.681      8.008      8.942         3194 
     D50N-H-V13HB    121.681      8.008      2.423         7508 
    D50N-H-V13HG1    121.681      8.008      0.798         7636 
    D50N-H-V13HG2    121.681      8.008      0.907        13286 
      D50N-H-N47H    121.681      8.008      8.183         2303 
    D50N-H-N47HB2    121.681      8.008      2.628         4455 
      D50N-H-V48H    121.681      8.008      8.716         1277 
     D50N-H-V48HA    121.681      8.008      3.359         5486 
    D50N-H-V48HG1    121.681      8.008      0.922        11558 
      D50N-H-G49H    121.681      8.008      9.425         8406 
    D50N-H-G49HA2    121.681      8.008      4.482         6040 
    D50N-H-G49HA3    121.681      8.008      3.448         4288 
         D50N-H-H    121.681      8.008      8.008        45414 
        D50N-H-HA    121.681      8.008      4.568         8369 
       D50N-H-HB2    121.681      8.008      2.573         7997 
       D50N-H-HB3    121.681      8.008      2.802         8596 
      D50N-H-E51H    121.681      8.008      8.462         3689 
     E51N-H-V12HA    120.755      8.462      5.094         1322 
    E51N-H-V12HG2    120.755      8.462      0.883         3268 
      E51N-H-D50H    120.755      8.462      8.008         3187 
     E51N-H-D50HA    120.755      8.462      4.568        16739 
    E51N-H-D50HB2    120.755      8.462      2.573         3850 
    E51N-H-D50HB3    120.755      8.462      2.802         2935 
         E51N-H-H    120.755      8.462      8.462        36283 
        E51N-H-HA    120.755      8.462      5.167         3636 
       E51N-H-HB2    120.755      8.462      1.999         8440 
       E51N-H-HB3    120.755      8.462      1.928         9231 
       E51N-H-HG2    120.755      8.462      2.442         5260 
       E51N-H-HG3    120.755      8.462      2.189         3762 
      E51N-H-I52H    120.755      8.462      8.858         1906 
   E51N-H-I52HG13    120.755      8.462      1.015         -286 
    I52N-H-K10HG2    122.827      8.858      1.342         1896 
    I52N-H-K10HG3    122.827      8.858      1.340         1896 
      I52N-H-G11H    122.827      8.858      9.089         3014 
    I52N-H-G11HA3    122.827      8.858      3.200          869 
     I52N-H-V12HA    122.827      8.858      5.094         6513 
    I52N-H-V12HG2    122.827      8.858      0.883         4706 
      I52N-H-V13H    122.827      8.858      8.942         4838 
    I52N-H-V13HG2    122.827      8.858      0.907         4437 
    I52N-H-I23HD1    122.827      8.858      0.633         9824 
    I52N-H-I23HG2    122.827      8.858      0.334         1846 
      I52N-H-E51H    122.827      8.858      8.462         1905 
     I52N-H-E51HA    122.827      8.858      5.167        14930 
    I52N-H-E51HB2    122.827      8.858      1.999         3940 
    I52N-H-E51HB3    122.827      8.858      1.928         5072 
    I52N-H-E51HG2    122.827      8.858      2.442         2694 
         I52N-H-H    122.827      8.858      8.858        31277 
        I52N-H-HA    122.827      8.858      4.746         3012 
        I52N-H-HB    122.827      8.858      1.579         3511 
       I52N-H-HD1    122.827      8.858      0.380         1806 
      I52N-H-HG12    122.827      8.858      1.542         3187 
      I52N-H-HG13    122.827      8.858      1.015         1592 
       I52N-H-HG2    122.827      8.858      0.602        12109 
      I52N-H-I53H    122.827      8.858      8.195         1975 
     I53N-H-K10HA    126.597      8.195      4.838          756 
      I53N-H-I52H    126.597      8.195      8.858         1054 
     I53N-H-I52HA    126.597      8.195      4.746         2925 
     I53N-H-I52HB    126.597      8.195      1.579         2610 
   I53N-H-I52HG12    126.597      8.195      1.542         3386 
    I53N-H-I52HG2    126.597      8.195      0.602         2281 
         I53N-H-H    126.597      8.195      8.195         5968 
        I53N-H-HA    126.597      8.195      4.942          787 
        I53N-H-HB    126.597      8.195      1.783         2341 
       I53N-H-HD1    126.597      8.195      0.717         1220 
      I53N-H-HG12    126.597      8.195      1.515         2568 
      I53N-H-HG13    126.597      8.195      0.945         1553 
       I53N-H-HG2    126.597      8.195      0.801         2270 
      I53N-H-V54H    126.597      8.195      8.828          998 
    I53N-H-V54HG1    126.597      8.195      0.769         2384 
       V54N-H-Y9H    118.033      8.828      9.447         1494 
      V54N-H-K10H    118.033      8.828      8.662         -182 
     V54N-H-K10HA    118.033      8.828      4.838         2919 
      V54N-H-G11H    118.033      8.828      9.089         1735 
    V54N-H-L25HD2    118.033      8.828      0.503          339 
    V54N-H-I52HG2    118.033      8.828      0.602         1583 
      V54N-H-I53H    118.033      8.828      8.195          890 
     V54N-H-I53HA    118.033      8.828      4.942         6095 
     V54N-H-I53HB    118.033      8.828      1.783         1143 
   V54N-H-I53HG12    118.033      8.828      1.515          967 
    V54N-H-I53HG2    118.033      8.828      0.801         6726 
         V54N-H-H    118.033      8.828      8.828        28340 
        V54N-H-HA    118.033      8.828      5.046         1421 
        V54N-H-HB    118.033      8.828      1.860          889 
       V54N-H-HG1    118.033      8.828      0.769         6488 
       V54N-H-HG2    118.033      8.828     -0.141         8197 
      V54N-H-Q55H    118.033      8.828      9.112         2099 
      Q55N-H-V54H    120.609      9.112      8.828         1300 
     Q55N-H-V54HA    120.609      9.112      5.046         8326 
     Q55N-H-V54HB    120.609      9.112      1.860         4559 
    Q55N-H-V54HG1    120.609      9.112      0.769         5690 
    Q55N-H-V54HG2    120.609      9.112     -0.141         2906 
         Q55N-H-H    120.609      9.112      9.112        14461 
        Q55N-H-HA    120.609      9.112      4.762         1965 
       Q55N-H-HB2    120.609      9.112      1.769         4679 
       Q55N-H-HB3    120.609      9.112      1.063         3445 
       Q55N-H-HG2    120.609      9.112      1.573         1479 
       Q55N-H-HG3    120.609      9.112      0.992         1469 
      Q55N-H-A56H    120.609      9.112      8.917         1243 
    Q55N-H-F68HB3    120.609      9.112      2.553          709 
      Q55N-H-K69H    120.609      9.112      9.268         2766 
     Q55N-H-K69HA    120.609      9.112      5.063         8326 
    Q55N-H-K69HB3    120.609      9.112      1.766         4679 
     Q55N-H-Y70HA    120.609      9.112      5.092         5903 
      Q55N-H-I71H    120.609      9.112      8.090          828 
    Q55N-H-I71HD1    120.609      9.112      0.867         2756 
   Q55N-H-I71HG12    120.609      9.112      1.385          305 
    Q55N-H-I71HG2    120.609      9.112      0.893         2031 
Q55NE2-HE21-G6HA2    109.309      6.538      4.343         2000 
Q55NE2-HE21-F8HD1    109.309      6.538      7.103         2286 
Q55NE2-HE21-F8HE1    109.309      6.538      7.281         1796 
 Q55NE2-HE21-F8HZ    109.309      6.538      7.089         2494 
   Q55NE2-HE21-HA    109.309      6.538      4.762          511 
  Q55NE2-HE21-HB2    109.309      6.538      1.769         1067 
  Q55NE2-HE21-HB3    109.309      6.538      1.063         2083 
 Q55NE2-HE21-HE21    109.309      6.538      6.538        29177 
 Q55NE2-HE21-HE22    109.309      6.538      6.356        18801 
  Q55NE2-HE21-HG2    109.309      6.538      1.573         2758 
  Q55NE2-HE21-HG3    109.309      6.538      0.992         3972 
Q55NE2-HE22-G6HA2    109.309      6.356      4.343         1580 
Q55NE2-HE22-F8HE1    109.309      6.356      7.281         1251 
 Q55NE2-HE22-F8HZ    109.309      6.356      7.089         1477 
  Q55NE2-HE22-HB2    109.309      6.356      1.769         1032 
  Q55NE2-HE22-HB3    109.309      6.356      1.063         1332 
 Q55NE2-HE22-HE21    109.309      6.356      6.538        14489 
 Q55NE2-HE22-HE22    109.309      6.356      6.356        11143 
  Q55NE2-HE22-HG2    109.309      6.356      1.573         2185 
  Q55NE2-HE22-HG3    109.309      6.356      0.992         2573 
     A56N-H-V3HG1    128.776      8.917      0.381         1096 
       A56N-H-G6H    128.776      8.917      9.294         1565 
       A56N-H-K7H    128.776      8.917      7.590         1191 
     A56N-H-K7HB2    128.776      8.917      1.637         1212 
      A56N-H-F8HA    128.776      8.917      5.250         2783 
       A56N-H-Y9H    128.776      8.917      9.447         1189 
     A56N-H-Y9HD2    128.776      8.917      7.108         3146 
    A56N-H-V54HG2    128.776      8.917     -0.141          263 
      A56N-H-Q55H    128.776      8.917      9.112         1706 
     A56N-H-Q55HA    128.776      8.917      4.762         8343 
    A56N-H-Q55HB2    128.776      8.917      1.769         2119 
    A56N-H-Q55HB3    128.776      8.917      1.063         2108 
    A56N-H-Q55HG2    128.776      8.917      1.573         2716 
    A56N-H-Q55HG3    128.776      8.917      0.992         3027 
         A56N-H-H    128.776      8.917      8.917        18269 
        A56N-H-HA    128.776      8.917      4.752         8343 
        A56N-H-HB    128.776      8.917      1.299        10290 
      A56N-H-I57H    128.776      8.917      9.052          740 
    A56N-H-F68HD1    128.776      8.917      6.961         1275 
       I57N-H-G6H    121.698      9.052      9.294         1371 
      I57N-H-A56H    121.698      9.052      8.917          440 
     I57N-H-A56HA    121.698      9.052      4.752         5383 
     I57N-H-A56HB    121.698      9.052      1.299         5880 
         I57N-H-H    121.698      9.052      9.052        10589 
        I57N-H-HA    121.698      9.052      4.397         2961 
        I57N-H-HB    121.698      9.052      1.763         3488 
       I57N-H-HD1    121.698      9.052      0.764         4932 
      I57N-H-HG12    121.698      9.052      1.356         3845 
      I57N-H-HG13    121.698      9.052      0.819         6878 
       I57N-H-HG2    121.698      9.052      0.861         4095 
      I57N-H-D58H    121.698      9.052      7.466         6235 
    I57N-H-I66HG2    121.698      9.052      0.091         1370 
      I57N-H-D67H    121.698      9.052      8.216          763 
    I57N-H-D67HB2    121.698      9.052      2.615          913 
    I57N-H-D67HB3    121.698      9.052      2.515          690 
      I57N-H-F68H    121.698      9.052      8.846          152 
     I57N-H-F68HA    121.698      9.052      5.884         2027 
    I57N-H-F68HD1    121.698      9.052      6.961         2380 
      I57N-H-K69H    121.698      9.052      9.268         1338 
    I57N-H-K69HB2    121.698      9.052      1.934          336 
     D58N-H-A56HA    115.984      7.466      4.752         5872 
     D58N-H-A56HB    115.984      7.466      1.299         5033 
      D58N-H-I57H    115.984      7.466      9.052         9138 
     D58N-H-I57HA    115.984      7.466      4.397         4738 
     D58N-H-I57HB    115.984      7.466      1.763         6617 
    D58N-H-I57HD1    115.984      7.466      0.764         5403 
   D58N-H-I57HG12    115.984      7.466      1.356         3842 
   D58N-H-I57HG13    115.984      7.466      0.819         7953 
    D58N-H-I57HG2    115.984      7.466      0.861         5225 
         D58N-H-H    115.984      7.466      7.466        37284 
        D58N-H-HA    115.984      7.466      4.716         6393 
       D58N-H-HB2    115.984      7.466      2.684         7248 
       D58N-H-HB3    115.984      7.466      2.684         7248 
      D58N-H-V59H    115.984      7.466      8.477         2728 
     D58N-H-V59HA    115.984      7.466      4.312          916 
    D58N-H-V59HG2    115.984      7.466      0.694         2244 
    D58N-H-I66HG2    115.984      7.466      0.091         2598 
      D58N-H-D67H    115.984      7.466      8.216         4086 
    D58N-H-D67HB2    115.984      7.466      2.615         4803 
    D58N-H-D67HB3    115.984      7.466      2.515         2793 
      V59N-H-P5HA    121.302      8.477      4.033          675 
     V59N-H-P5HB2    121.302      8.477      2.140         1952 
     V59N-H-P5HB3    121.302      8.477      1.976         7267 
     V59N-H-P5HD3    121.302      8.477      3.797         1510 
     V59N-H-P5HG3    121.302      8.477      1.804         4042 
      V59N-H-D58H    121.302      8.477      7.466         3381 
     V59N-H-D58HA    121.302      8.477      4.716        20707 
    V59N-H-D58HB2    121.302      8.477      2.684        11395 
    V59N-H-D58HB3    121.302      8.477      2.684        11395 
         V59N-H-H    121.302      8.477      8.477        64691 
        V59N-H-HA    121.302      8.477      4.312         5084 
        V59N-H-HB    121.302      8.477      1.922        11969 
       V59N-H-HG1    121.302      8.477      0.819         7496 
       V59N-H-HG2    121.302      8.477      0.694        11697 
      V59N-H-R60H    121.302      8.477      8.618          932 
    V59N-H-R60HG3    121.302      8.477      1.480           92 
      R60N-H-V59H    126.298      8.618      8.477         1196 
     R60N-H-V59HA    126.298      8.618      4.312        12095 
     R60N-H-V59HB    126.298      8.618      1.922         3079 
    R60N-H-V59HG1    126.298      8.618      0.819         8664 
    R60N-H-V59HG2    126.298      8.618      0.694         3907 
         R60N-H-H    126.298      8.618      8.618        30992 
        R60N-H-HA    126.298      8.618      4.960         4165 
       R60N-H-HB2    126.298      8.618      1.807         7183 
       R60N-H-HB3    126.298      8.618      1.760         6081 
       R60N-H-HG2    126.298      8.618      1.558         2879 
       R60N-H-HG3    126.298      8.618      1.480         1723 
    R60N-H-P61HD3    126.298      8.618      3.717         1311 
      R60N-H-E65H    126.298      8.618      7.386         2470 
     R60N-H-I66HA    126.298      8.618      4.246         7776 
   R60N-H-I66HG12    126.298      8.618      1.385         3014 
   R60N-H-I66HG13    126.298      8.618      0.783         7513 
     E62N-H-R60HA    118.869      9.498      4.960         1814 
    E62N-H-R60HB3    118.869      9.498      1.760         1503 
     E62N-H-P61HA    118.869      9.498      4.345         4833 
    E62N-H-P61HB2    118.869      9.498      2.386         5782 
    E62N-H-P61HB3    118.869      9.498      2.024        15335 
    E62N-H-P61HD2    118.869      9.498      3.949         4767 
    E62N-H-P61HD3    118.869      9.498      3.717         2818 
    E62N-H-P61HG2    118.869      9.498      2.151         7795 
    E62N-H-P61HG3    118.869      9.498      2.028        15335 
         E62N-H-H    118.869      9.498      9.498        44050 
        E62N-H-HA    118.869      9.498      4.190        11652 
       E62N-H-HB2    118.869      9.498      2.089        21900 
       E62N-H-HB3    118.869      9.498      2.091        21900 
       E62N-H-HG2    118.869      9.498      2.420         5728 
       E62N-H-HG3    118.869      9.498      2.264         4453 
      E62N-H-K63H    118.869      9.498      7.419        10016 
      E62N-H-R64H    118.869      9.498      7.987         2663 
     K63N-H-R60HA    117.339      7.419      4.960          736 
    K63N-H-R60HB2    117.339      7.419      1.807         3892 
    K63N-H-R60HB3    117.339      7.419      1.760         3188 
     K63N-H-P61HA    117.339      7.419      4.345         4275 
      K63N-H-E62H    117.339      7.419      9.498         6941 
     K63N-H-E62HA    117.339      7.419      4.190         4255 
    K63N-H-E62HB2    117.339      7.419      2.089         8722 
    K63N-H-E62HB3    117.339      7.419      2.091         8722 
    K63N-H-E62HG2    117.339      7.419      2.420         1487 
    K63N-H-E62HG3    117.339      7.419      2.264         2968 
         K63N-H-H    117.339      7.419      7.419        46310 
        K63N-H-HA    117.339      7.419      4.417         7108 
       K63N-H-HB2    117.339      7.419      2.026        11044 
       K63N-H-HB3    117.339      7.419      1.533         5858 
       K63N-H-HG2    117.339      7.419      1.440         5916 
       K63N-H-HG3    117.339      7.419      1.365         5444 
      K63N-H-R64H    117.339      7.419      7.987        14939 
     K63N-H-R64HA    117.339      7.419      3.916         5383 
    K63N-H-R64HG3    117.339      7.419      1.631         5300 
      K63N-H-E65H    117.339      7.419      7.386        32566 
    R64N-H-R60HB2    117.476      7.987      1.807         1465 
    R64N-H-R60HB3    117.476      7.987      1.760          942 
     R64N-H-P61HA    117.476      7.987      4.345         7112 
      R64N-H-E62H    117.476      7.987      9.498         2713 
     R64N-H-E62HA    117.476      7.987      4.190         2205 
    R64N-H-E62HG3    117.476      7.987      2.264         1090 
      R64N-H-K63H    117.476      7.987      7.419        25281 
     R64N-H-K63HA    117.476      7.987      4.417         7309 
    R64N-H-K63HB2    117.476      7.987      2.026        14148 
    R64N-H-K63HB3    117.476      7.987      1.533         2619 
    R64N-H-K63HG2    117.476      7.987      1.440         2429 
         R64N-H-H    117.476      7.987      7.987        48119 
        R64N-H-HA    117.476      7.987      3.916        21135 
       R64N-H-HB2    117.476      7.987      1.629        12958 
       R64N-H-HB3    117.476      7.987      2.010        14148 
       R64N-H-HG2    117.476      7.987      1.632        12958 
       R64N-H-HG3    117.476      7.987      1.631        12958 
      R64N-H-E65H    117.476      7.987      7.386        20517 
      E65N-H-R60H    116.936      7.386      8.618         3739 
    E65N-H-R60HB2    116.936      7.386      1.807        11926 
      E65N-H-K63H    116.936      7.386      7.419        70615 
     E65N-H-K63HA    116.936      7.386      4.417         3257 
    E65N-H-K63HB2    116.936      7.386      2.026        13501 
    E65N-H-K63HB3    116.936      7.386      1.533         4583 
      E65N-H-R64H    116.936      7.386      7.987        17880 
     E65N-H-R64HA    116.936      7.386      3.916        13858 
    E65N-H-R64HB2    116.936      7.386      1.629         6367 
    E65N-H-R64HB3    116.936      7.386      2.010        13501 
         E65N-H-H    116.936      7.386      7.386        74966 
        E65N-H-HA    116.936      7.386      4.781         6658 
       E65N-H-HB2    116.936      7.386      1.963        14846 
       E65N-H-HB3    116.936      7.386      1.793        11926 
       E65N-H-HG2    116.936      7.386      2.325         5658 
       E65N-H-HG3    116.936      7.386      2.207         3899 
      E65N-H-I66H    116.936      7.386      7.987        17880 
    I66N-H-G31HA2    122.996      7.987      3.461         2508 
    I66N-H-G31HA3    122.996      7.987      4.802        13060 
      I66N-H-L32H    122.996      7.987      8.195         3294 
      I66N-H-E65H    122.996      7.987      7.386         2468 
     I66N-H-E65HA    122.996      7.987      4.781        19046 
    I66N-H-E65HB2    122.996      7.987      1.963         4636 
    I66N-H-E65HB3    122.996      7.987      1.793         3274 
    I66N-H-E65HG2    122.996      7.987      2.325         2393 
         I66N-H-H    122.996      7.987      7.987        34047 
        I66N-H-HA    122.996      7.987      4.246         4332 
        I66N-H-HB    122.996      7.987      1.157         6020 
       I66N-H-HD1    122.996      7.987      0.609         5104 
      I66N-H-HG12    122.996      7.987      1.385         3919 
      I66N-H-HG13    122.996      7.987      0.783         4100 
       I66N-H-HG2    122.996      7.987      0.091         4507 
      I66N-H-D67H    122.996      7.987      8.216         3294 
      D67N-H-L32H    124.673      8.216      8.195        24749 
      D67N-H-I57H    124.673      8.216      9.052         1450 
      D67N-H-D58H    124.673      8.216      7.466         3722 
    D67N-H-D58HB2    124.673      8.216      2.684         3969 
     D67N-H-V59HA    124.673      8.216      4.312         4321 
      D67N-H-I66H    124.673      8.216      7.987         1194 
     D67N-H-I66HA    124.673      8.216      4.246        13140 
     D67N-H-I66HB    124.673      8.216      1.157         1977 
   D67N-H-I66HG12    124.673      8.216      1.385         2116 
    D67N-H-I66HG2    124.673      8.216      0.091         9979 
         D67N-H-H    124.673      8.216      8.216        24749 
        D67N-H-HA    124.673      8.216      5.338         3356 
       D67N-H-HB2    124.673      8.216      2.615         4511 
       D67N-H-HB3    124.673      8.216      2.515         4116 
      D67N-H-F68H    124.673      8.216      8.846         1786 
      F68N-H-L32H    121.215      8.846      8.195         3534 
    F68N-H-L32HB3    121.215      8.846      1.184         1066 
     F68N-H-L33HA    121.215      8.846      4.903         1541 
    F68N-H-L33HB2    121.215      8.846      2.096          412 
    F68N-H-L33HD1    121.215      8.846      0.873         1916 
      F68N-H-R34H    121.215      8.846      9.425          443 
      F68N-H-I57H    121.215      8.846      9.052          901 
    F68N-H-I57HD1    121.215      8.846      0.764         2367 
    F68N-H-I66HG2    121.215      8.846      0.091         1054 
      F68N-H-D67H    121.215      8.846      8.216         3534 
     F68N-H-D67HA    121.215      8.846      5.338        10710 
    F68N-H-D67HB2    121.215      8.846      2.615         3231 
    F68N-H-D67HB3    121.215      8.846      2.515         3698 
         F68N-H-H    121.215      8.846      8.846        18162 
        F68N-H-HA    121.215      8.846      5.884         2045 
       F68N-H-HB2    121.215      8.846      3.123         2052 
       F68N-H-HB3    121.215      8.846      2.553         4700 
       F68N-H-HD1    121.215      8.846      6.961         2736 
       F68N-H-HD2    121.215      8.846      6.961         2736 
      F68N-H-K69H    121.215      8.846      9.268         1638 
    K69N-H-L33HD1    118.527      9.268      0.873         4527 
     K69N-H-V54HA    118.527      9.268      5.046         2759 
     K69N-H-V54HB    118.527      9.268      1.860         2402 
    K69N-H-V54HG1    118.527      9.268      0.769         3859 
    K69N-H-V54HG2    118.527      9.268     -0.141         1096 
      K69N-H-Q55H    118.527      9.268      9.112         3229 
     K69N-H-Q55HA    118.527      9.268      4.762         1630 
    K69N-H-Q55HB3    118.527      9.268      1.063          965 
     K69N-H-A56HA    118.527      9.268      4.752         1630 
      K69N-H-I57H    118.527      9.268      9.052         2106 
    K69N-H-I57HD1    118.527      9.268      0.764         3859 
   K69N-H-I57HG13    118.527      9.268      0.819         5024 
      K69N-H-F68H    118.527      9.268      8.846         2065 
     K69N-H-F68HA    118.527      9.268      5.884         5727 
    K69N-H-F68HB2    118.527      9.268      3.123         2307 
    K69N-H-F68HB3    118.527      9.268      2.553         1913 
    K69N-H-F68HD1    118.527      9.268      6.961         3255 
         K69N-H-H    118.527      9.268      9.268        11912 
        K69N-H-HA    118.527      9.268      5.063         2759 
       K69N-H-HB2    118.527      9.268      1.934         1941 
       K69N-H-HB3    118.527      9.268      1.766         4048 
       K69N-H-HG2    118.527      9.268      1.644         1764 
       K69N-H-HG3    118.527      9.268      1.265         1817 
      K69N-H-Y70H    118.527      9.268      8.833         2020 
     K69N-H-Y70HA    118.527      9.268      5.092         2354 
    Y70N-H-L33HD1    123.984      8.833      0.873         6934 
    Y70N-H-L33HD2    123.984      8.833      0.632         2213 
     Y70N-H-D37HA    123.984      8.833      5.128         2788 
    Y70N-H-D37HB2    123.984      8.833      3.274         1396 
    Y70N-H-D37HB3    123.984      8.833      2.894         3036 
      Y70N-H-M38H    123.984      8.833      7.447          579 
     Y70N-H-M38HA    123.984      8.833      4.871         2460 
      Y70N-H-I39H    123.984      8.833      8.423         1551 
   Y70N-H-I39HG12    123.984      8.833      1.632         3416 
    Y70N-H-V54HG1    123.984      8.833      0.769         1734 
      Y70N-H-K69H    123.984      8.833      9.268          876 
     Y70N-H-K69HA    123.984      8.833      5.063         7466 
    Y70N-H-K69HB2    123.984      8.833      1.934         1714 
    Y70N-H-K69HB3    123.984      8.833      1.766         1926 
    Y70N-H-K69HG2    123.984      8.833      1.644         3416 
    Y70N-H-K69HG3    123.984      8.833      1.265         2346 
         Y70N-H-H    123.984      8.833      8.833        13124 
        Y70N-H-HA    123.984      8.833      5.092         7493 
       Y70N-H-HB2    123.984      8.833      2.813         3950 
       Y70N-H-HB3    123.984      8.833      2.814         3950 
       Y70N-H-HD1    123.984      8.833      7.224         1842 
       Y70N-H-HD2    123.984      8.833      7.224         1842 
      Y70N-H-I71H    123.984      8.833      8.090          810 
    Y70N-H-I71HG2    123.984      8.833      0.893         4891 
     I71N-H-V54HA    126.463      8.090      5.046         5300 
    I71N-H-V54HG1    126.463      8.090      0.769         1024 
      I71N-H-Q55H    126.463      8.090      9.112          345 
    I71N-H-K69HG2    126.463      8.090      1.644         1734 
      I71N-H-Y70H    126.463      8.090      8.833          756 
     I71N-H-Y70HA    126.463      8.090      5.092         5851 
    I71N-H-Y70HB2    126.463      8.090      2.813          686 
    I71N-H-Y70HB3    126.463      8.090      2.814          686 
    I71N-H-Y70HD1    126.463      8.090      7.224         1528 
         I71N-H-H    126.463      8.090      8.090         8400 
        I71N-H-HA    126.463      8.090      4.506         1180 
        I71N-H-HB    126.463      8.090      1.683         2323 
       I71N-H-HD1    126.463      8.090      0.867         3094 
      I71N-H-HG12    126.463      8.090      1.385          849 
      I71N-H-HG13    126.463      8.090      1.076         1548 
       I71N-H-HG2    126.463      8.090      0.893         2667 
     L73N-H-P72HA    122.030      8.178      4.290         7085 
    L73N-H-P72HB2    122.030      8.178      2.283          835 
    L73N-H-P72HB3    122.030      8.178      1.886         2231 
         L73N-H-H    122.030      8.178      8.178        42146 
        L73N-H-HA    122.030      8.178      4.164          381 
       L73N-H-HD1    122.030      8.178      0.905         1202 
       L73N-H-HD2    122.030      8.178      0.848         2273 
      L73N-H-E74H    122.030      8.178      8.288          205 
      E74N-H-L73H    121.132      8.288      8.178        -3579 
     E74N-H-L73HA    121.132      8.288      4.164        16108 
    E74N-H-L73HD2    121.132      8.288      0.848         3146 
         E74N-H-H    121.132      8.288      8.288        91535 
        E74N-H-HA    121.132      8.288      4.194        21647 
       E74N-H-HB2    121.132      8.288      1.840        15454 
       E74N-H-HB3    121.132      8.288      1.844        15454 
       E74N-H-HG2    121.132      8.288      2.161         4672 
       E74N-H-HG3    121.132      8.288      2.113         3415 
