      Assignment         w1         w2         w3   Data Height 

     M11N-H-H10HA    121.293      8.234      4.687        -6148 
    M11N-H-H10HB2    121.293      8.234      3.201         -503 
    M11N-H-H10HB3    121.293      8.234      3.106         -777 
         M11N-H-H    121.293      8.234      8.234        -9662 
        M11N-H-HA    121.293      8.234      4.659        -5344 
       M11N-H-HB2    121.293      8.234      1.996        -1095 
       M11N-H-HB3    121.293      8.234      1.835        -2106 
       M11N-H-HG2    121.293      8.234      2.386         -606 
       M11N-H-HG3    121.293      8.234      2.484        -1069 
      M11N-H-S12H    121.293      8.234      9.360         -827 
    M11N-H-V16HG2    121.293      8.234      1.014          110 
      S12N-H-M11H    119.618      9.360      8.234         -425 
     S12N-H-M11HA    119.618      9.360      4.659        -9713 
    S12N-H-M11HB2    119.618      9.360      1.996        -3398 
    S12N-H-M11HB3    119.618      9.360      1.835        -1280 
         S12N-H-H    119.618      9.360      9.360       -39543 
        S12N-H-HA    119.618      9.360      4.586        -2714 
       S12N-H-HB2    119.618      9.360      4.374        -1575 
       S12N-H-HB3    119.618      9.360      3.948        -3197 
      S12N-H-Q15H    119.618      9.360      7.507         -728 
    S12N-H-Q15HB2    119.618      9.360      2.504        -4593 
    S12N-H-Q15HB3    119.618      9.360      1.633        -1548 
   S12N-H-Q15HE22    119.618      9.360      6.693         -257 
    S12N-H-Q15HG2    119.618      9.360      2.298         -766 
    S12N-H-Q15HG3    119.618      9.360      2.485        -4593 
      S12N-H-V16H    119.618      9.360      7.825         -539 
    S12N-H-V16HG2    119.618      9.360      1.014         -647 
    T14N-H-S12HB3    111.332      7.917      3.948        -1116 
     T14N-H-H13HA    111.332      7.917      4.375        -4594 
    T14N-H-H13HB2    111.332      7.917      3.212        -6240 
    T14N-H-H13HB3    111.332      7.917      3.272        -4476 
    T14N-H-H13HD2    111.332      7.917      7.121         -677 
         T14N-H-H    111.332      7.917      7.917       -67793 
        T14N-H-HA    111.332      7.917      3.812        -7108 
        T14N-H-HB    111.332      7.917      4.045        -8424 
       T14N-H-HG2    111.332      7.917      1.208        -4430 
      T14N-H-Q15H    111.332      7.917      7.507        -5772 
    T14N-H-Q15HB3    111.332      7.917      1.633           61 
      T14N-H-V16H    111.332      7.917      7.825        -2754 
      Q15N-H-S12H    120.358      7.507      9.360        -1054 
    Q15N-H-S12HB3    120.358      7.507      3.948         -877 
     Q15N-H-H13HA    120.358      7.507      4.375        -1385 
      Q15N-H-T14H    120.358      7.507      7.917        -3998 
     Q15N-H-T14HA    120.358      7.507      3.812        -3976 
     Q15N-H-T14HB    120.358      7.507      4.045        -3595 
    Q15N-H-T14HG2    120.358      7.507      1.208        -1644 
         Q15N-H-H    120.358      7.507      7.507       -64915 
        Q15N-H-HA    120.358      7.507      3.793        -4068 
       Q15N-H-HB2    120.358      7.507      2.504       -13729 
       Q15N-H-HB3    120.358      7.507      1.633        -3672 
       Q15N-H-HG2    120.358      7.507      2.298        -3272 
       Q15N-H-HG3    120.358      7.507      2.485       -13729 
      Q15N-H-V16H    120.358      7.507      7.825        -7653 
    Q15N-H-V16HG2    120.358      7.507      1.014        -1699 
      Q15N-H-I17H    120.358      7.507      8.010        -1209 
   Q15NE2-HE21-HA    112.243      7.795      3.793         -596 
  Q15NE2-HE21-HB2    112.243      7.795      2.504        -4990 
  Q15NE2-HE21-HB3    112.243      7.795      1.633        -2660 
 Q15NE2-HE21-HE21    112.243      7.795      7.795       -60355 
 Q15NE2-HE21-HE22    112.243      7.795      6.693       -52198 
  Q15NE2-HE21-HG2    112.243      7.795      2.298        -7382 
  Q15NE2-HE21-HG3    112.243      7.795      2.485        -4990 
Q15NE2-HE21-L41HA    112.243      7.795      4.340         -629 
Q15NE2-HE21-L41HB2    112.243      7.795      1.617        -2660 
Q15NE2-HE21-L41HB3    112.243      7.795      1.427        -4244 
Q15NE2-HE21-L41HD1    112.243      7.795      0.719        -1058 
Q15NE2-HE21-L41HD2    112.243      7.795      0.749         -762 
Q15NE2-HE21-K42HB2    112.243      7.795      1.890        -1569 
Q15NE2-HE21-L43HD1    112.243      7.795      0.655        -1523 
Q15NE2-HE21-L43HD2    112.243      7.795      0.854        -5055 
Q15NE2-HE21-L43HG    112.243      7.795      1.471        -3998 
 Q15NE2-HE22-S12H    112.243      6.693      9.360         -351 
  Q15NE2-HE22-HB2    112.243      6.693      2.504        -3396 
  Q15NE2-HE22-HB3    112.243      6.693      1.633        -1980 
 Q15NE2-HE22-HE21    112.243      6.693      7.795       -59073 
 Q15NE2-HE22-HE22    112.243      6.693      6.693       -79782 
  Q15NE2-HE22-HG2    112.243      6.693      2.298        -5428 
  Q15NE2-HE22-HG3    112.243      6.693      2.485        -3396 
Q15NE2-HE22-L41HB2    112.243      6.693      1.617        -1980 
Q15NE2-HE22-L41HB3    112.243      6.693      1.427        -3507 
Q15NE2-HE22-K42HB2    112.243      6.693      1.890        -1591 
Q15NE2-HE22-L43HD1    112.243      6.693      0.655        -1777 
Q15NE2-HE22-L43HD2    112.243      6.693      0.854        -7511 
Q15NE2-HE22-L43HG    112.243      6.693      1.471        -3582 
    V16N-H-M11HB3    117.358      7.825      1.835        -1681 
      V16N-H-S12H    117.358      7.825      9.360        -1194 
     V16N-H-H13HA    117.358      7.825      4.375        -2357 
      V16N-H-T14H    117.358      7.825      7.917        -6227 
     V16N-H-T14HA    117.358      7.825      3.812        -2559 
      V16N-H-Q15H    117.358      7.825      7.507        -8165 
     V16N-H-Q15HA    117.358      7.825      3.793        -2550 
    V16N-H-Q15HB2    117.358      7.825      2.504        -7185 
    V16N-H-Q15HB3    117.358      7.825      1.633        -3348 
    V16N-H-Q15HG2    117.358      7.825      2.298         -880 
    V16N-H-Q15HG3    117.358      7.825      2.485        -7185 
         V16N-H-H    117.358      7.825      7.825      -109782 
        V16N-H-HA    117.358      7.825      3.225        -6293 
        V16N-H-HB    117.358      7.825      2.074       -14134 
       V16N-H-HG1    117.358      7.825      1.034       -14061 
       V16N-H-HG2    117.358      7.825      1.014       -20604 
      V16N-H-I17H    117.358      7.825      8.010        -8437 
      V16N-H-E18H    117.358      7.825      7.552        -4069 
      V16N-H-L19H    117.358      7.825      7.984        -9180 
    V16N-H-L19HD1    117.358      7.825     -0.280         -485 
     I17N-H-H13HA    118.342      8.010      4.375        -1526 
     I17N-H-T14HA    118.342      8.010      3.812        -5741 
    I17N-H-T14HG2    118.342      8.010      1.208         -335 
      I17N-H-Q15H    118.342      8.010      7.507        -4591 
     I17N-H-Q15HA    118.342      8.010      3.793        -5851 
      I17N-H-V16H    118.342      8.010      7.825        -2990 
     I17N-H-V16HA    118.342      8.010      3.225        -6084 
     I17N-H-V16HB    118.342      8.010      2.074       -10943 
    I17N-H-V16HG1    118.342      8.010      1.034       -12320 
    I17N-H-V16HG2    118.342      8.010      1.014       -10451 
         I17N-H-H    118.342      8.010      8.010      -216150 
        I17N-H-HA    118.342      8.010      3.685        -8493 
        I17N-H-HB    118.342      8.010      1.838       -20522 
       I17N-H-HD1    118.342      8.010      0.700        -3548 
      I17N-H-HG12    118.342      8.010      1.083       -11410 
      I17N-H-HG13    118.342      8.010      1.376       -11326 
       I17N-H-HG2    118.342      8.010      0.806        -7642 
      I17N-H-E18H    118.342      8.010      7.552        -8796 
      I17N-H-L19H    118.342      8.010      7.984      -213137 
      I17N-H-E20H    118.342      8.010      8.409        -1253 
     E18N-H-T14HA    119.233      7.552      3.812        -2001 
    E18N-H-T14HG2    119.233      7.552      1.208        -1299 
     E18N-H-Q15HA    119.233      7.552      3.793        -2141 
      E18N-H-V16H    119.233      7.552      7.825         -622 
     E18N-H-V16HA    119.233      7.552      3.225        -1027 
      E18N-H-I17H    119.233      7.552      8.010       -10059 
     E18N-H-I17HA    119.233      7.552      3.685        -1984 
     E18N-H-I17HB    119.233      7.552      1.838        -5284 
    E18N-H-I17HD1    119.233      7.552      0.700        -2105 
   E18N-H-I17HG13    119.233      7.552      1.376        -1240 
    E18N-H-I17HG2    119.233      7.552      0.806        -3471 
         E18N-H-H    119.233      7.552      7.552      -115952 
        E18N-H-HA    119.233      7.552      4.194        -4588 
       E18N-H-HB2    119.233      7.552      1.995       -13159 
       E18N-H-HB3    119.233      7.552      1.995       -13159 
       E18N-H-HG2    119.233      7.552      2.276        -3028 
       E18N-H-HG3    119.233      7.552      2.407        -6557 
      E18N-H-L19H    119.233      7.552      7.984       -11812 
    E18N-H-L19HB2    119.233      7.552      0.709        -2753 
      E18N-H-E20H    119.233      7.552      8.409         -924 
      E18N-H-R21H    119.233      7.552      8.311         -797 
    E18N-H-L41HD1    119.233      7.552      0.719        -2753 
    E18N-H-L41HD2    119.233      7.552      0.749        -3381 
     L19N-H-Q15HA    124.248      7.984      3.793        -1298 
      L19N-H-V16H    124.248      7.984      7.825         -742 
     L19N-H-V16HA    124.248      7.984      3.225        -3681 
    L19N-H-V16HG1    124.248      7.984      1.034        -1124 
      L19N-H-I17H    124.248      7.984      8.010       -52929 
     L19N-H-I17HA    124.248      7.984      3.685        -2356 
      L19N-H-E18H    124.248      7.984      7.552        -9031 
     L19N-H-E18HA    124.248      7.984      4.194        -2724 
    L19N-H-E18HB2    124.248      7.984      1.995        -8136 
    L19N-H-E18HB3    124.248      7.984      1.995        -8136 
    L19N-H-E18HG2    124.248      7.984      2.276         -813 
         L19N-H-H    124.248      7.984      7.984       -87884 
        L19N-H-HA    124.248      7.984      3.640        -6175 
       L19N-H-HB2    124.248      7.984      0.709       -13842 
       L19N-H-HB3    124.248      7.984     -0.755        -2984 
       L19N-H-HD1    124.248      7.984     -0.280        -3024 
       L19N-H-HD2    124.248      7.984      0.534        -3690 
        L19N-H-HG    124.248      7.984      1.241       -12339 
      L19N-H-E20H    124.248      7.984      8.409        -8642 
    L19N-H-E20HB2    124.248      7.984      2.164         -955 
      L19N-H-R21H    124.248      7.984      8.311        -1999 
    L19N-H-L37HD1    124.248      7.984      0.963        -1324 
    L19N-H-L41HD1    124.248      7.984      0.719       -13842 
    L19N-H-L41HD2    124.248      7.984      0.749       -10402 
     E20N-H-V16HA    118.680      8.409      3.225        -1789 
    E20N-H-V16HG1    118.680      8.409      1.034        -1875 
      E20N-H-I17H    118.680      8.409      8.010        -6948 
     E20N-H-I17HA    118.680      8.409      3.685        -2988 
    E20N-H-I17HG2    118.680      8.409      0.806        -1220 
      E20N-H-E18H    118.680      8.409      7.552        -1438 
     E20N-H-E18HA    118.680      8.409      4.194        -5454 
      E20N-H-L19H    118.680      8.409      7.984       -10007 
     E20N-H-L19HA    118.680      8.409      3.640        -4281 
    E20N-H-L19HB2    118.680      8.409      0.709        -6586 
    E20N-H-L19HB3    118.680      8.409     -0.755        -2010 
    E20N-H-L19HD1    118.680      8.409     -0.280        -1064 
    E20N-H-L19HD2    118.680      8.409      0.534         -987 
     E20N-H-L19HG    118.680      8.409      1.241        -1395 
         E20N-H-H    118.680      8.409      8.409       -96624 
        E20N-H-HA    118.680      8.409      4.221        -6335 
       E20N-H-HB2    118.680      8.409      2.164       -10724 
       E20N-H-HB3    118.680      8.409      2.040        -9285 
       E20N-H-HG2    118.680      8.409      2.463        -7424 
       E20N-H-HG3    118.680      8.409      2.423        -8699 
      E20N-H-R21H    118.680      8.409      8.311       -12164 
      E20N-H-K22H    118.680      8.409      8.030        -6948 
      E20N-H-F23H    118.680      8.409      8.995         -196 
    E20N-H-W51HH2    118.680      8.409      6.443        -1331 
    E20N-H-W51HZ2    118.680      8.409      7.250        -1065 
     R21N-H-I17HA    121.061      8.311      3.685        -1569 
    R21N-H-I17HG2    121.061      8.311      0.806        -1333 
      R21N-H-E18H    121.061      8.311      7.552        -1079 
     R21N-H-E18HA    121.061      8.311      4.194        -6804 
      R21N-H-L19H    121.061      8.311      7.984        -6154 
     R21N-H-L19HA    121.061      8.311      3.640        -1814 
      R21N-H-E20H    121.061      8.311      8.409        -9827 
     R21N-H-E20HA    121.061      8.311      4.221        -5953 
    R21N-H-E20HB2    121.061      8.311      2.164        -4896 
    R21N-H-E20HB3    121.061      8.311      2.040       -11401 
         R21N-H-H    121.061      8.311      8.311      -131876 
        R21N-H-HA    121.061      8.311      4.071        -8375 
       R21N-H-HB2    121.061      8.311      1.966       -27549 
       R21N-H-HB3    121.061      8.311      1.969       -27549 
       R21N-H-HD3    121.061      8.311      3.234        -1320 
       R21N-H-HG2    121.061      8.311      1.859        -5922 
       R21N-H-HG3    121.061      8.311      1.604        -2280 
      R21N-H-K22H    121.061      8.311      8.030        -8382 
      R21N-H-F23H    121.061      8.311      8.995        -1226 
      R21N-H-S24H    121.061      8.311      8.128          311 
     K22N-H-E18HA    120.920      8.030      4.194        -2010 
     K22N-H-L19HA    120.920      8.030      3.640        -3097 
      K22N-H-E20H    120.920      8.030      8.409        -1596 
     K22N-H-E20HA    120.920      8.030      4.221        -1700 
      K22N-H-R21H    120.920      8.030      8.311        -7976 
     K22N-H-R21HA    120.920      8.030      4.071        -2706 
    K22N-H-R21HB2    120.920      8.030      1.966       -14626 
    K22N-H-R21HB3    120.920      8.030      1.969       -14626 
         K22N-H-H    120.920      8.030      8.030      -121182 
        K22N-H-HA    120.920      8.030      4.351        -6464 
       K22N-H-HB2    120.920      8.030      2.056       -12082 
       K22N-H-HB3    120.920      8.030      2.380        -9505 
       K22N-H-HD3    120.920      8.030      1.960       -12593 
       K22N-H-HG2    120.920      8.030      1.714        -3716 
       K22N-H-HG3    120.920      8.030      1.678        -3927 
      K22N-H-F23H    120.920      8.030      8.995        -6069 
    K22N-H-F23HB2    120.920      8.030      3.154        -1181 
      K22N-H-S24H    120.920      8.030      8.128        -1268 
    K22N-H-L37HD1    120.920      8.030      0.963        -1428 
    K22N-H-L37HD2    120.920      8.030      0.918        -1400 
     K22N-H-F52HZ    120.920      8.030      7.178         -427 
     F23N-H-L19HA    121.576      8.995      3.640         -539 
      F23N-H-E20H    121.576      8.995      8.409         -373 
     F23N-H-E20HA    121.576      8.995      4.221        -1524 
      F23N-H-R21H    121.576      8.995      8.311         -223 
     F23N-H-R21HA    121.576      8.995      4.071         -392 
      F23N-H-K22H    121.576      8.995      8.030        -3961 
     F23N-H-K22HA    121.576      8.995      4.351        -1175 
    F23N-H-K22HB2    121.576      8.995      2.056        -2113 
    F23N-H-K22HB3    121.576      8.995      2.380        -3138 
    F23N-H-K22HG3    121.576      8.995      1.678         -898 
         F23N-H-H    121.576      8.995      8.995       -31762 
        F23N-H-HA    121.576      8.995      4.757        -1954 
       F23N-H-HB2    121.576      8.995      3.154        -4801 
       F23N-H-HB3    121.576      8.995      3.079        -5779 
       F23N-H-HD1    121.576      8.995      7.059        -1248 
       F23N-H-HD2    121.576      8.995      7.059        -1248 
      F23N-H-S24H    121.576      8.995      8.128        -2468 
      F23N-H-H25H    121.576      8.995      7.635         -306 
      F23N-H-Q26H    121.576      8.995      8.506          -70 
    F23N-H-L37HD2    121.576      8.995      0.918         -431 
    F23N-H-W51HH2    121.576      8.995      6.443         -284 
    F23N-H-W51HZ3    121.576      8.995      5.718         -762 
    F23N-H-F52HE2    121.576      8.995      7.529         -596 
     F23N-H-F52HZ    121.576      8.995      7.178        -1431 
     S24N-H-E20HA    111.736      8.128      4.221        -1091 
    S24N-H-E20HB3    111.736      8.128      2.040         -663 
      S24N-H-R21H    111.736      8.128      8.311          -68 
     S24N-H-R21HA    111.736      8.128      4.071        -8691 
      S24N-H-K22H    111.736      8.128      8.030         1931 
     S24N-H-K22HA    111.736      8.128      4.351         -743 
      S24N-H-F23H    111.736      8.128      8.995        -4668 
     S24N-H-F23HA    111.736      8.128      4.757        -2920 
    S24N-H-F23HB2    111.736      8.128      3.154        -3697 
    S24N-H-F23HB3    111.736      8.128      3.079        -2486 
    S24N-H-F23HD2    111.736      8.128      7.059        -1584 
         S24N-H-H    111.736      8.128      8.128       -89407 
        S24N-H-HA    111.736      8.128      4.078        -8691 
       S24N-H-HB2    111.736      8.128      3.969       -13954 
       S24N-H-HB3    111.736      8.128      3.971       -13954 
      S24N-H-H25H    111.736      8.128      7.635        -4066 
      S24N-H-Q26H    111.736      8.128      8.506        -1068 
     H25N-H-K22HA    118.436      7.635      4.351        -1460 
      H25N-H-F23H    118.436      7.635      8.995         -243 
     H25N-H-F23HA    118.436      7.635      4.757        -3494 
      H25N-H-S24H    118.436      7.635      8.128        -3128 
     H25N-H-S24HA    118.436      7.635      4.078        -1646 
    H25N-H-S24HB2    118.436      7.635      3.969        -1787 
    H25N-H-S24HB3    118.436      7.635      3.971        -1787 
         H25N-H-H    118.436      7.635      7.635       -38698 
        H25N-H-HA    118.436      7.635      4.699        -3053 
       H25N-H-HB2    118.436      7.635      3.371        -4163 
       H25N-H-HB3    118.436      7.635      3.307        -6102 
      H25N-H-Q26H    118.436      7.635      8.506        -7394 
    H25N-H-Q26HG2    118.436      7.635      2.288         -478 
     Q26N-H-K22HA    121.108      8.506      4.351        -1278 
    Q26N-H-K22HG3    121.108      8.506      1.678         -666 
      Q26N-H-F23H    121.108      8.506      8.995         -572 
     Q26N-H-F23HA    121.108      8.506      4.757        -4269 
      Q26N-H-S24H    121.108      8.506      8.128        -2433 
     Q26N-H-S24HA    121.108      8.506      4.078         -945 
      Q26N-H-H25H    121.108      8.506      7.635       -11210 
     Q26N-H-H25HA    121.108      8.506      4.699        -4634 
    Q26N-H-H25HB2    121.108      8.506      3.371        -4119 
    Q26N-H-H25HB3    121.108      8.506      3.307        -5443 
         Q26N-H-H    121.108      8.506      8.506       -98634 
        Q26N-H-HA    121.108      8.506      4.486        -5899 
       Q26N-H-HB2    121.108      8.506      2.022        -6737 
       Q26N-H-HB3    121.108      8.506      2.022        -6737 
       Q26N-H-HG2    121.108      8.506      2.288        -5148 
       Q26N-H-HG3    121.108      8.506      2.289        -5148 
      Q26N-H-K27H    121.108      8.506      8.121        -2433 
     Q26N-H-K27HA    121.108      8.506      3.902         -748 
  Q26NE2-HE21-HB2    113.367      7.402      2.022        -1399 
  Q26NE2-HE21-HB3    113.367      7.402      2.022        -1399 
 Q26NE2-HE21-HE21    113.367      7.402      7.402      -102113 
 Q26NE2-HE21-HE22    113.367      7.402      7.645       -57953 
  Q26NE2-HE21-HG2    113.367      7.402      2.288        -4179 
  Q26NE2-HE21-HG3    113.367      7.402      2.289        -4179 
 Q26NE2-HE21-Y28H    113.367      7.402      7.503          771 
Q26NE2-HE21-L29HA    113.367      7.402      4.584        -2054 
Q26NE2-HE21-L29HD2    113.367      7.402      0.461        -2206 
 Q26NE2-HE21-S30H    113.367      7.402      8.979        -1064 
  Q26NE2-HE22-HB2    113.367      7.645      2.022        -2596 
  Q26NE2-HE22-HB3    113.367      7.645      2.022        -2596 
 Q26NE2-HE22-HE21    113.367      7.645      7.402       -71706 
 Q26NE2-HE22-HE22    113.367      7.645      7.645      -138337 
  Q26NE2-HE22-HG2    113.367      7.645      2.288       -11636 
  Q26NE2-HE22-HG3    113.367      7.645      2.289       -11636 
Q26NE2-HE22-L29HA    113.367      7.645      4.584        -4575 
Q26NE2-HE22-L29HD2    113.367      7.645      0.461        -4406 
 Q26NE2-HE22-S30H    113.367      7.645      8.979        -1316 
Q26NE2-HE22-E33HB2    113.367      7.645      1.883         -237 
      K27N-H-Q26H    119.983      8.121      8.506        -1479 
     K27N-H-Q26HA    119.983      8.121      4.486       -26865 
    K27N-H-Q26HB2    119.983      8.121      2.022        -4360 
    K27N-H-Q26HB3    119.983      8.121      2.022        -4360 
    K27N-H-Q26HG3    119.983      8.121      2.289        -2452 
         K27N-H-H    119.983      8.121      8.121      -110023 
        K27N-H-HA    119.983      8.121      3.902        -5770 
       K27N-H-HB2    119.983      8.121      1.418        -4441 
       K27N-H-HB3    119.983      8.121      1.560        -9802 
       K27N-H-HD2    119.983      8.121      1.231        -1591 
       K27N-H-HD3    119.983      8.121      1.334        -2736 
       K27N-H-HG2    119.983      8.121      0.632        -4229 
       K27N-H-HG3    119.983      8.121      1.156        -7897 
      K27N-H-Y28H    119.983      8.121      7.503        -9600 
     Y28N-H-Q26HA    113.084      7.503      4.486        -1542 
    Y28N-H-Q26HB2    113.084      7.503      2.022        -1892 
   Y28N-H-Q26HE21    113.084      7.503      7.402         -351 
    Y28N-H-Q26HG3    113.084      7.503      2.289        -2804 
      Y28N-H-K27H    113.084      7.503      8.121        -6147 
     Y28N-H-K27HA    113.084      7.503      3.902        -1558 
    Y28N-H-K27HB2    113.084      7.503      1.418        -1054 
    Y28N-H-K27HB3    113.084      7.503      1.560        -1633 
    Y28N-H-K27HG2    113.084      7.503      0.632          -88 
         Y28N-H-H    113.084      7.503      7.503       -99197 
        Y28N-H-HA    113.084      7.503      4.719        -2220 
       Y28N-H-HB2    113.084      7.503      2.946        -1801 
       Y28N-H-HB3    113.084      7.503      2.717        -3612 
       Y28N-H-HD2    113.084      7.503      7.127        -2705 
      Y28N-H-L29H    113.084      7.503      8.503         -665 
    Y28N-H-L29HD2    113.084      7.503      0.461         -430 
      L29N-H-Y28H    122.842      8.503      7.503        -1015 
     L29N-H-Y28HA    122.842      8.503      4.719        -9946 
    L29N-H-Y28HB2    122.842      8.503      2.946        -2675 
    L29N-H-Y28HB3    122.842      8.503      2.717        -1479 
         L29N-H-H    122.842      8.503      8.503       -46068 
        L29N-H-HA    122.842      8.503      4.584        -3404 
       L29N-H-HB2    122.842      8.503      1.243        -2357 
       L29N-H-HB3    122.842      8.503      1.461        -5626 
       L29N-H-HD1    122.842      8.503      0.148        -1051 
       L29N-H-HD2    122.842      8.503      0.461        -1376 
        L29N-H-HG    122.842      8.503      0.741        -3274 
      L29N-H-S30H    122.842      8.503      8.979         -787 
    L29N-H-F52HD2    122.842      8.503      7.746         -643 
   S30N-H-Q26HE21    118.858      8.979      7.402         -851 
   S30N-H-Q26HE22    118.858      8.979      7.645        -1045 
      S30N-H-L29H    118.858      8.979      8.503         -750 
     S30N-H-L29HA    118.858      8.979      4.584       -19483 
    S30N-H-L29HB2    118.858      8.979      1.243        -3778 
    S30N-H-L29HB3    118.858      8.979      1.461        -2138 
    S30N-H-L29HD2    118.858      8.979      0.461        -2447 
         S30N-H-H    118.858      8.979      8.979       -70926 
        S30N-H-HA    118.858      8.979      4.554       -15375 
       S30N-H-HB2    118.858      8.979      4.010        -4436 
       S30N-H-HB3    118.858      8.979      4.224        -2667 
      S30N-H-A31H    118.858      8.979      9.180         -248 
      S30N-H-E33H    118.858      8.979      7.209        -1265 
    S30N-H-E33HB2    118.858      8.979      1.883        -4002 
    S30N-H-E33HB3    118.858      8.979      2.317        -9770 
    S30N-H-E33HG2    118.858      8.979      2.323        -7977 
    S30N-H-E33HG3    118.858      8.979      2.233        -2803 
      S30N-H-R34H    118.858      8.979      8.732        -1534 
      A31N-H-S30H    123.123      9.180      8.979         -802 
     A31N-H-S30HA    123.123      9.180      4.554        -5776 
    A31N-H-S30HB2    123.123      9.180      4.010        -1812 
    A31N-H-S30HB3    123.123      9.180      4.224        -5616 
         A31N-H-H    123.123      9.180      9.180       -14083 
        A31N-H-HA    123.123      9.180      4.211        -5616 
        A31N-H-HB    123.123      9.180      1.558        -7056 
    A31N-H-P32HD2    123.123      9.180      3.912        -2868 
    A31N-H-P32HD3    123.123      9.180      3.799        -2789 
      A31N-H-E33H    123.123      9.180      7.209         -554 
    E33N-H-L29HB3    117.779      7.209      1.461         -897 
      E33N-H-S30H    117.779      7.209      8.979        -1397 
    E33N-H-S30HB2    117.779      7.209      4.010        -1569 
    E33N-H-S30HB3    117.779      7.209      4.224         -905 
      E33N-H-A31H    117.779      7.209      9.180         -201 
     E33N-H-A31HB    117.779      7.209      1.558         -581 
     E33N-H-P32HA    117.779      7.209      4.381        -1455 
    E33N-H-P32HB2    117.779      7.209      1.796        -3476 
    E33N-H-P32HB3    117.779      7.209      2.308       -13695 
    E33N-H-P32HD2    117.779      7.209      3.912        -2818 
    E33N-H-P32HD3    117.779      7.209      3.799        -1579 
    E33N-H-P32HG2    117.779      7.209      1.981        -1346 
    E33N-H-P32HG3    117.779      7.209      2.098        -1815 
         E33N-H-H    117.779      7.209      7.209       -59252 
        E33N-H-HA    117.779      7.209      4.072        -3557 
       E33N-H-HB2    117.779      7.209      1.883        -4141 
       E33N-H-HB3    117.779      7.209      2.317       -13695 
       E33N-H-HG2    117.779      7.209      2.323       -11644 
       E33N-H-HG3    117.779      7.209      2.233        -4066 
      E33N-H-R34H    117.779      7.209      8.732        -6591 
      E33N-H-A35H    117.779      7.209      8.152        -1240 
      E33N-H-H36H    117.779      7.209      7.990         -267 
    R34N-H-L29HB2    121.670      8.732      1.243        -3714 
    R34N-H-L29HB3    121.670      8.732      1.461        -4044 
    R34N-H-L29HD1    121.670      8.732      0.148        -1726 
      R34N-H-S30H    121.670      8.732      8.979        -1128 
    R34N-H-S30HB2    121.670      8.732      4.010        -1538 
     R34N-H-A31HA    121.670      8.732      4.211        -2987 
     R34N-H-P32HA    121.670      8.732      4.381         -832 
    R34N-H-P32HD2    121.670      8.732      3.912         -967 
      R34N-H-E33H    121.670      8.732      7.209        -9435 
     R34N-H-E33HA    121.670      8.732      4.072        -2339 
    R34N-H-E33HB2    121.670      8.732      1.883       -19395 
    R34N-H-E33HB3    121.670      8.732      2.317        -7785 
         R34N-H-H    121.670      8.732      8.732      -110418 
        R34N-H-HA    121.670      8.732      3.789        -7345 
       R34N-H-HB2    121.670      8.732      1.938       -11060 
       R34N-H-HB3    121.670      8.732      1.859       -18128 
       R34N-H-HG2    121.670      8.732      1.342        -1790 
       R34N-H-HG3    121.670      8.732      1.586        -3629 
      R34N-H-A35H    121.670      8.732      8.152       -10762 
     R34N-H-A35HB    121.670      8.732      1.486        -4059 
      R34N-H-H36H    121.670      8.732      7.990        -1661 
      R34N-H-L37H    121.670      8.732      8.067        -1636 
     A35N-H-A31HA    120.967      8.152      4.211        -1346 
     A35N-H-P32HA    120.967      8.152      4.381        -4310 
      A35N-H-E33H    120.967      8.152      7.209        -1143 
     A35N-H-E33HA    120.967      8.152      4.072         -821 
      A35N-H-R34H    120.967      8.152      8.732       -11626 
     A35N-H-R34HA    120.967      8.152      3.789        -3388 
    A35N-H-R34HB2    120.967      8.152      1.938        -7997 
    A35N-H-R34HB3    120.967      8.152      1.859        -8432 
    A35N-H-R34HG2    120.967      8.152      1.342        -2359 
    A35N-H-R34HG3    120.967      8.152      1.586         -490 
         A35N-H-H    120.967      8.152      8.152      -168933 
        A35N-H-HA    120.967      8.152      3.981       -10980 
        A35N-H-HB    120.967      8.152      1.486       -34880 
      A35N-H-H36H    120.967      8.152      7.990        -9546 
      A35N-H-L37H    120.967      8.152      8.067       -16154 
      A35N-H-A38H    120.967      8.152      8.436         -937 
     A35N-H-A38HB    120.967      8.152      1.345        -2359 
    A35N-H-E45HG2    120.967      8.152      2.398         -728 
     H36N-H-P32HA    118.295      7.990      4.381        -3666 
      H36N-H-E33H    118.295      7.990      7.209         -699 
     H36N-H-E33HA    118.295      7.990      4.072        -4345 
      H36N-H-R34H    118.295      7.990      8.732        -2221 
     H36N-H-R34HA    118.295      7.990      3.789        -1668 
      H36N-H-A35H    118.295      7.990      8.152       -11405 
     H36N-H-A35HA    118.295      7.990      3.981        -4092 
     H36N-H-A35HB    118.295      7.990      1.486       -16090 
         H36N-H-H    118.295      7.990      7.990      -199893 
        H36N-H-HA    118.295      7.990      4.317       -10657 
       H36N-H-HB2    118.295      7.990      3.188       -33113 
       H36N-H-HB3    118.295      7.990      3.188       -33113 
      H36N-H-L37H    118.295      7.990      8.067       -18798 
      H36N-H-A38H    118.295      7.990      8.436        -2721 
     H36N-H-A38HB    118.295      7.990      1.345        -2710 
      H36N-H-K39H    118.295      7.990      7.674          448 
    H36N-H-K39HG2    118.295      7.990      1.430        -8626 
    L37N-H-L29HD1    120.686      8.067      0.148         -860 
     L37N-H-E33HA    120.686      8.067      4.072        -9989 
      L37N-H-R34H    120.686      8.067      8.732        -1094 
     L37N-H-R34HA    120.686      8.067      3.789        -3301 
      L37N-H-A35H    120.686      8.067      8.152        -1784 
     L37N-H-A35HA    120.686      8.067      3.981        -1965 
     L37N-H-A35HB    120.686      8.067      1.486        -2092 
      L37N-H-H36H    120.686      8.067      7.990       -43858 
     L37N-H-H36HA    120.686      8.067      4.317        -3315 
    L37N-H-H36HB2    120.686      8.067      3.188       -15041 
    L37N-H-H36HB3    120.686      8.067      3.188       -15041 
         L37N-H-H    120.686      8.067      8.067      -164995 
        L37N-H-HA    120.686      8.067      4.060       -11966 
       L37N-H-HB2    120.686      8.067      1.664       -25470 
       L37N-H-HB3    120.686      8.067      1.732       -20577 
       L37N-H-HD1    120.686      8.067      0.963        -5263 
       L37N-H-HD2    120.686      8.067      0.918        -5180 
        L37N-H-HG    120.686      8.067      1.560        -5388 
      L37N-H-A38H    120.686      8.067      8.436       -12337 
     L37N-H-A38HB    120.686      8.067      1.345        -1975 
      L37N-H-K39H    120.686      8.067      7.674        -1653 
    L37N-H-K39HG2    120.686      8.067      1.430         -553 
     A38N-H-R34HA    119.326      8.436      3.789        -1960 
      A38N-H-A35H    119.326      8.436      8.152         -402 
     A38N-H-A35HA    119.326      8.436      3.981        -3281 
     A38N-H-A35HB    119.326      8.436      1.486        -1674 
      A38N-H-H36H    119.326      8.436      7.990        -4053 
     A38N-H-H36HA    119.326      8.436      4.317        -2835 
      A38N-H-L37H    119.326      8.436      8.067       -10919 
     A38N-H-L37HA    119.326      8.436      4.060        -4161 
    A38N-H-L37HB2    119.326      8.436      1.664        -9839 
    A38N-H-L37HB3    119.326      8.436      1.732       -11082 
    A38N-H-L37HD1    119.326      8.436      0.963        -7179 
    A38N-H-L37HD2    119.326      8.436      0.918        -5796 
     A38N-H-L37HG    119.326      8.436      1.560        -3407 
         A38N-H-H    119.326      8.436      8.436      -152084 
        A38N-H-HA    119.326      8.436      3.613        -8818 
        A38N-H-HB    119.326      8.436      1.345       -25821 
      A38N-H-K39H    119.326      8.436      7.674       -11312 
    A38N-H-K39HG2    119.326      8.436      1.430         -702 
      A38N-H-N40H    119.326      8.436      8.018        -8463 
    A38N-H-V48HG1    119.326      8.436      0.998        -4484 
    A38N-H-V48HG2    119.326      8.436      0.952        -7179 
     K39N-H-A35HA    116.420      7.674      3.981        -1859 
     K39N-H-A35HB    116.420      7.674      1.486        -2984 
      K39N-H-H36H    116.420      7.674      7.990       -10905 
     K39N-H-H36HA    116.420      7.674      4.317        -3016 
      K39N-H-L37H    116.420      7.674      8.067        -6298 
     K39N-H-L37HA    116.420      7.674      4.060       -12636 
      K39N-H-A38H    116.420      7.674      8.436       -10915 
     K39N-H-A38HA    116.420      7.674      3.613        -3362 
     K39N-H-A38HB    116.420      7.674      1.345       -16753 
         K39N-H-H    116.420      7.674      7.674      -195964 
        K39N-H-HA    116.420      7.674      4.082       -13935 
       K39N-H-HB2    116.420      7.674      1.922       -38178 
       K39N-H-HB3    116.420      7.674      1.924       -38178 
       K39N-H-HD2    116.420      7.674      1.694        -2502 
       K39N-H-HD3    116.420      7.674      1.694        -2502 
       K39N-H-HG2    116.420      7.674      1.430        -2619 
       K39N-H-HG3    116.420      7.674      1.545        -4233 
      K39N-H-N40H    116.420      7.674      8.018       -13337 
      K39N-H-L41H    116.420      7.674      8.057       -10916 
     N40N-H-H36HA    117.686      8.018      4.317        -7699 
     N40N-H-L37HA    117.686      8.018      4.060        -7868 
      N40N-H-A38H    117.686      8.018      8.436        -1994 
     N40N-H-A38HA    117.686      8.018      3.613         -810 
     N40N-H-A38HB    117.686      8.018      1.345        -2002 
      N40N-H-K39H    117.686      8.018      7.674       -11279 
     N40N-H-K39HA    117.686      8.018      4.082        -7556 
    N40N-H-K39HB2    117.686      8.018      1.922       -16663 
    N40N-H-K39HB3    117.686      8.018      1.924       -16663 
    N40N-H-K39HG2    117.686      8.018      1.430        -1954 
    N40N-H-K39HG3    117.686      8.018      1.545        -1750 
         N40N-H-H    117.686      8.018      8.018      -180699 
        N40N-H-HA    117.686      8.018      4.372       -10157 
       N40N-H-HB2    117.686      8.018      2.763       -19656 
       N40N-H-HB3    117.686      8.018      2.700       -14892 
      N40N-H-HD21    117.686      8.018      7.290        -1430 
      N40N-H-HD22    117.686      8.018      6.524        -1126 
      N40N-H-L41H    117.686      8.018      8.057      -135963 
     N40N-H-L41HG    117.686      8.018      1.867       -10553 
      N40N-H-K42H    117.686      8.018      7.904         3311 
N40ND2-HD21-L37HA    110.971      7.290      4.060        -1417 
    N40ND2-HD21-H    110.971      7.290      8.018        -1822 
   N40ND2-HD21-HA    110.971      7.290      4.372         -771 
  N40ND2-HD21-HB2    110.971      7.290      2.763        -3596 
  N40ND2-HD21-HB3    110.971      7.290      2.700        -3342 
 N40ND2-HD21-HD21    110.971      7.290      7.290      -116516 
 N40ND2-HD21-HD22    110.971      7.290      6.524       -79725 
    N40ND2-HD22-H    110.971      6.524      8.018        -1296 
   N40ND2-HD22-HA    110.971      6.524      4.372         -681 
  N40ND2-HD22-HB2    110.971      6.524      2.763        -1545 
  N40ND2-HD22-HB3    110.971      6.524      2.700        -2070 
 N40ND2-HD22-HD21    110.971      6.524      7.290       -78749 
 N40ND2-HD22-HD22    110.971      6.524      6.524      -100699 
     L41N-H-L37HA    116.045      8.057      4.060        -2314 
     L41N-H-A38HA    116.045      8.057      3.613        -1883 
     L41N-H-A38HB    116.045      8.057      1.345        -2550 
      L41N-H-K39H    116.045      8.057      7.674        -1025 
     L41N-H-K39HA    116.045      8.057      4.082        -1982 
      L41N-H-N40H    116.045      8.057      8.018       -88832 
     L41N-H-N40HA    116.045      8.057      4.372        -5815 
    L41N-H-N40HB2    116.045      8.057      2.763        -5043 
    L41N-H-N40HB3    116.045      8.057      2.700        -5567 
         L41N-H-H    116.045      8.057      8.057      -125726 
        L41N-H-HA    116.045      8.057      4.340        -8407 
       L41N-H-HB2    116.045      8.057      1.617       -13219 
       L41N-H-HB3    116.045      8.057      1.427        -5946 
       L41N-H-HD1    116.045      8.057      0.719        -6853 
       L41N-H-HD2    116.045      8.057      0.749        -6070 
        L41N-H-HG    116.045      8.057      1.867       -11770 
      L41N-H-K42H    116.045      8.057      7.904       -12323 
     L41N-H-K42HA    116.045      8.057      3.980        -2078 
      L41N-H-L43H    116.045      8.057      8.328        -2418 
    L41N-H-L43HB2    116.045      8.057      1.226         -489 
     K42N-H-K39HA    117.733      7.904      4.082        -2891 
      K42N-H-N40H    117.733      7.904      8.018        -6976 
     K42N-H-N40HA    117.733      7.904      4.372        -2761 
      K42N-H-L41H    117.733      7.904      8.057       -14407 
     K42N-H-L41HA    117.733      7.904      4.340        -4213 
    K42N-H-L41HB2    117.733      7.904      1.617        -3456 
    K42N-H-L41HB3    117.733      7.904      1.427        -2688 
    K42N-H-L41HD2    117.733      7.904      0.749        -1621 
         K42N-H-H    117.733      7.904      7.904      -126729 
        K42N-H-HA    117.733      7.904      3.980       -29313 
       K42N-H-HB2    117.733      7.904      1.890        -4439 
       K42N-H-HB3    117.733      7.904      2.153        -2705 
       K42N-H-HD2    117.733      7.904      1.720        -1670 
       K42N-H-HD3    117.733      7.904      1.660        -2980 
       K42N-H-HG2    117.733      7.904      1.355        -9233 
       K42N-H-HG3    117.733      7.904      1.355        -9233 
      K42N-H-L43H    117.733      7.904      8.328       -12242 
     K42N-H-L43HG    117.733      7.904      1.471        -1224 
     L43N-H-A38HA    119.561      8.328      3.613        -5119 
     L43N-H-A38HB    119.561      8.328      1.345        -4604 
     L43N-H-K39HA    119.561      8.328      4.082        -1745 
      L43N-H-L41H    119.561      8.328      8.057        -1845 
     L43N-H-L41HA    119.561      8.328      4.340         -570 
    L43N-H-L41HB2    119.561      8.328      1.617        -6393 
    L43N-H-L41HB3    119.561      8.328      1.427        -4770 
      L43N-H-K42H    119.561      8.328      7.904       -13168 
     L43N-H-K42HA    119.561      8.328      3.980       -14931 
    L43N-H-K42HB2    119.561      8.328      1.890        -1958 
    L43N-H-K42HB3    119.561      8.328      2.153        -1012 
         L43N-H-H    119.561      8.328      8.328      -128542 
        L43N-H-HA    119.561      8.328      4.868        -4679 
       L43N-H-HB2    119.561      8.328      1.226        -9958 
       L43N-H-HB3    119.561      8.328      1.603        -6965 
       L43N-H-HD1    119.561      8.328      0.655        -3125 
       L43N-H-HD2    119.561      8.328      0.854        -2359 
        L43N-H-HG    119.561      8.328      1.471        -5299 
      L43N-H-T44H    119.561      8.328      8.838        -1456 
    L43N-H-V48HG2    119.561      8.328      0.952        -1552 
     T44N-H-A38HB    109.641      8.838      1.345        -2907 
      T44N-H-L43H    109.641      8.838      8.328         -913 
     T44N-H-L43HA    109.641      8.838      4.868        -9126 
    T44N-H-L43HB2    109.641      8.838      1.226       -10439 
    T44N-H-L43HB3    109.641      8.838      1.603        -7931 
    T44N-H-L43HD1    109.641      8.838      0.655        -1219 
    T44N-H-L43HD2    109.641      8.838      0.854        -3369 
     T44N-H-L43HG    109.641      8.838      1.471        -1637 
         T44N-H-H    109.641      8.838      8.838       -80451 
        T44N-H-HA    109.641      8.838      4.653        -4084 
        T44N-H-HB    109.641      8.838      4.784        -2941 
       T44N-H-HG2    109.641      8.838      1.283       -12229 
      T44N-H-E45H    109.641      8.838      9.240         -762 
      T44N-H-Q47H    109.641      8.838      8.052        -1657 
    T44N-H-Q47HB2    109.641      8.838      2.581        -6751 
    T44N-H-Q47HB3    109.641      8.838      1.826        -2479 
   T44N-H-Q47HE21    109.641      8.838      6.907         -265 
   T44N-H-Q47HE22    109.641      8.838      7.667         -957 
    T44N-H-Q47HG3    109.641      8.838      2.403        -1735 
      T44N-H-V48H    109.641      8.838      7.683        -1149 
    T44N-H-V48HG2    109.641      8.838      0.952         -950 
     E45N-H-A38HB    121.295      9.240      1.345        -2753 
      E45N-H-T44H    121.295      9.240      8.838         -745 
     E45N-H-T44HA    121.295      9.240      4.653       -11721 
     E45N-H-T44HB    121.295      9.240      4.784       -10227 
    E45N-H-T44HG2    121.295      9.240      1.283        -3826 
         E45N-H-H    121.295      9.240      9.240       -46148 
        E45N-H-HA    121.295      9.240      3.642        -4385 
       E45N-H-HB2    121.295      9.240      2.044       -11254 
       E45N-H-HB3    121.295      9.240      2.046       -11249 
       E45N-H-HG2    121.295      9.240      2.398        -6355 
       E45N-H-HG3    121.295      9.240      2.071       -11249 
      E45N-H-T46H    121.295      9.240      8.143        -2430 
      E45N-H-Q47H    121.295      9.240      8.052         -402 
    E45N-H-V48HG2    121.295      9.240      0.952          -63 
     T46N-H-T44HA    115.248      8.143      4.653        -2558 
     T46N-H-T44HB    115.248      8.143      4.784       -13842 
    T46N-H-T44HG2    115.248      8.143      1.283        -3240 
      T46N-H-E45H    115.248      8.143      9.240        -5181 
     T46N-H-E45HA    115.248      8.143      3.642        -2285 
    T46N-H-E45HB2    115.248      8.143      2.044        -7813 
    T46N-H-E45HB3    115.248      8.143      2.046        -7756 
         T46N-H-H    115.248      8.143      8.143       -66377 
        T46N-H-HA    115.248      8.143      3.903        -7840 
        T46N-H-HB    115.248      8.143      4.060       -11989 
       T46N-H-HG2    115.248      8.143      1.251        -4465 
      T46N-H-Q47H    115.248      8.143      8.052        -5783 
    T46N-H-Q47HG3    115.248      8.143      2.403         -948 
      T46N-H-V48H    115.248      8.143      7.683        -1021 
      T46N-H-K49H    115.248      8.143      8.540        -1009 
    Q47N-H-L43HB3    120.264      8.052      1.603        -1957 
      Q47N-H-T44H    120.264      8.052      8.838        -2966 
     Q47N-H-T44HA    120.264      8.052      4.653         -925 
     Q47N-H-T44HB    120.264      8.052      4.784        -4417 
    Q47N-H-T44HG2    120.264      8.052      1.283        -3869 
      Q47N-H-E45H    120.264      8.052      9.240        -1192 
     Q47N-H-E45HA    120.264      8.052      3.642        -1515 
      Q47N-H-T46H    120.264      8.052      8.143        -3672 
     Q47N-H-T46HA    120.264      8.052      3.903        -4769 
     Q47N-H-T46HB    120.264      8.052      4.060        -8645 
    Q47N-H-T46HG2    120.264      8.052      1.251        -5080 
         Q47N-H-H    120.264      8.052      8.052      -132472 
        Q47N-H-HA    120.264      8.052      3.958        -7938 
       Q47N-H-HB2    120.264      8.052      2.581       -17898 
       Q47N-H-HB3    120.264      8.052      1.826        -5522 
       Q47N-H-HG2    120.264      8.052      2.548       -19295 
       Q47N-H-HG3    120.264      8.052      2.403        -5190 
      Q47N-H-V48H    120.264      8.052      7.683       -10294 
    Q47N-H-V48HG2    120.264      8.052      0.952        -2697 
      Q47N-H-K49H    120.264      8.052      8.540        -1676 
      Q47N-H-I50H    120.264      8.052      8.689         -622 
    Q47N-H-I50HD1    120.264      8.052      0.797         -559 
Q47NE2-HE21-L43HD2    112.233      6.907      0.854        -5563 
 Q47NE2-HE21-T44H    112.233      6.907      8.838         -853 
   Q47NE2-HE21-HA    112.233      6.907      3.958         -803 
  Q47NE2-HE21-HB2    112.233      6.907      2.581        -2443 
  Q47NE2-HE21-HB3    112.233      6.907      1.826         -970 
 Q47NE2-HE21-HE21    112.233      6.907      6.907      -133273 
 Q47NE2-HE21-HE22    112.233      6.907      7.667       -70929 
  Q47NE2-HE21-HG2    112.233      6.907      2.548        -3039 
  Q47NE2-HE21-HG3    112.233      6.907      2.403        -5319 
Q47NE2-HE22-L43HA    112.233      7.667      4.868         -507 
Q47NE2-HE22-L43HD2    112.233      7.667      0.854        -2406 
 Q47NE2-HE22-T44H    112.233      7.667      8.838         -743 
Q47NE2-HE22-T44HG2    112.233      7.667      1.283         -605 
  Q47NE2-HE22-HB2    112.233      7.667      2.581        -3023 
  Q47NE2-HE22-HB3    112.233      7.667      1.826        -1474 
 Q47NE2-HE22-HE21    112.233      7.667      6.907       -59415 
 Q47NE2-HE22-HE22    112.233      7.667      7.667       -70659 
  Q47NE2-HE22-HG2    112.233      7.667      2.548        -3919 
  Q47NE2-HE22-HG3    112.233      7.667      2.403        -6047 
     V48N-H-A38HB    118.717      7.683      1.345        -2145 
    V48N-H-L43HB2    118.717      7.683      1.226        -1400 
    V48N-H-L43HB3    118.717      7.683      1.603        -1485 
    V48N-H-L43HD1    118.717      7.683      0.655        -1181 
      V48N-H-T44H    118.717      7.683      8.838         -796 
     V48N-H-E45HA    118.717      7.683      3.642        -7729 
      V48N-H-T46H    118.717      7.683      8.143         -659 
     V48N-H-T46HA    118.717      7.683      3.903        -1022 
      V48N-H-Q47H    118.717      7.683      8.052        -6270 
     V48N-H-Q47HA    118.717      7.683      3.958        -2399 
    V48N-H-Q47HB2    118.717      7.683      2.581        -4757 
    V48N-H-Q47HB3    118.717      7.683      1.826        -3291 
    V48N-H-Q47HG3    118.717      7.683      2.403        -1157 
         V48N-H-H    118.717      7.683      7.683       -96300 
        V48N-H-HA    118.717      7.683      3.629        -8823 
        V48N-H-HB    118.717      7.683      2.164       -13747 
       V48N-H-HG1    118.717      7.683      0.998       -10399 
       V48N-H-HG2    118.717      7.683      0.952       -16093 
      V48N-H-K49H    118.717      7.683      8.540        -8427 
      V48N-H-I50H    118.717      7.683      8.689        -1036 
    K49N-H-R34HD2    121.108      8.540      3.545        -2168 
    K49N-H-R34HD3    121.108      8.540      3.269        -2189 
    K49N-H-R34HG2    121.108      8.540      1.342        -1883 
    K49N-H-R34HG3    121.108      8.540      1.586        -2011 
     K49N-H-E45HA    121.108      8.540      3.642        -3126 
      K49N-H-T46H    121.108      8.540      8.143         -437 
     K49N-H-T46HA    121.108      8.540      3.903        -3487 
      K49N-H-Q47H    121.108      8.540      8.052        -1147 
     K49N-H-Q47HA    121.108      8.540      3.958        -1850 
      K49N-H-V48H    121.108      8.540      7.683        -8815 
     K49N-H-V48HA    121.108      8.540      3.629        -3578 
     K49N-H-V48HB    121.108      8.540      2.164       -15365 
    K49N-H-V48HG1    121.108      8.540      0.998        -4485 
    K49N-H-V48HG2    121.108      8.540      0.952        -5146 
         K49N-H-H    121.108      8.540      8.540       -99314 
        K49N-H-HA    121.108      8.540      4.328        -6760 
       K49N-H-HB2    121.108      8.540      2.127       -18543 
       K49N-H-HB3    121.108      8.540      1.881       -11753 
       K49N-H-HG2    121.108      8.540      1.571        -2371 
       K49N-H-HG3    121.108      8.540      1.398        -1482 
      K49N-H-I50H    121.108      8.540      8.689        -5940 
   K49N-H-I50HG13    121.108      8.540      1.692        -2462 
      K49N-H-W51H    121.108      8.540      8.265         -677 
     I50N-H-T46HA    119.983      8.689      3.903        -1475 
    I50N-H-T46HG2    119.983      8.689      1.251        -4420 
      I50N-H-Q47H    119.983      8.689      8.052         -399 
     I50N-H-Q47HA    119.983      8.689      3.958        -2186 
      I50N-H-V48H    119.983      8.689      7.683         -706 
     I50N-H-V48HA    119.983      8.689      3.629         -748 
      I50N-H-K49H    119.983      8.689      8.540        -5045 
     I50N-H-K49HA    119.983      8.689      4.328        -1460 
    I50N-H-K49HB2    119.983      8.689      2.127        -6940 
    I50N-H-K49HB3    119.983      8.689      1.881       -11768 
    I50N-H-K49HG2    119.983      8.689      1.571         -666 
         I50N-H-H    119.983      8.689      8.689       -66071 
        I50N-H-HA    119.983      8.689      3.773        -5337 
        I50N-H-HB    119.983      8.689      1.936       -12571 
       I50N-H-HD1    119.983      8.689      0.797        -1978 
      I50N-H-HG12    119.983      8.689      1.289        -5242 
      I50N-H-HG13    119.983      8.689      1.692        -8435 
       I50N-H-HG2    119.983      8.689      0.914        -3549 
      I50N-H-W51H    119.983      8.689      8.265        -5280 
      I50N-H-F52H    119.983      8.689      8.937         -481 
      I50N-H-Q53H    119.983      8.689      8.034         -399 
     W51N-H-Q47HA    121.670      8.265      3.958        -3680 
     W51N-H-V48HA    121.670      8.265      3.629        -4002 
      W51N-H-K49H    121.670      8.265      8.540        -1524 
      W51N-H-I50H    121.670      8.265      8.689        -8356 
     W51N-H-I50HA    121.670      8.265      3.773        -3294 
     W51N-H-I50HB    121.670      8.265      1.936        -9207 
    W51N-H-I50HD1    121.670      8.265      0.797         -921 
   W51N-H-I50HG13    121.670      8.265      1.692        -1448 
    W51N-H-I50HG2    121.670      8.265      0.914        -5113 
         W51N-H-H    121.670      8.265      8.265      -119136 
        W51N-H-HA    121.670      8.265      4.017        -6693 
       W51N-H-HB2    121.670      8.265      3.503       -11024 
       W51N-H-HB3    121.670      8.265      3.291       -12898 
      W51N-H-F52H    121.670      8.265      8.937        -5992 
    W51N-H-F52HB2    121.670      8.265      3.274       -11881 
    W51N-H-F52HD1    121.670      8.265      7.746         -994 
      W51N-H-Q53H    121.670      8.265      8.034         -411 
 W51NE1-HE1-V16HA    128.495      9.950      3.225        -1374 
W51NE1-HE1-V16HG1    128.495      9.950      1.034        -7684 
W51NE1-HE1-V16HG2    128.495      9.950      1.014       -10536 
W51NE1-HE1-L19HB2    128.495      9.950      0.709         -540 
W51NE1-HE1-L19HB3    128.495      9.950     -0.755          501 
W51NE1-HE1-L19HD1    128.495      9.950     -0.280        -1980 
   W51NE1-HE1-HB2    128.495      9.950      3.503         -348 
   W51NE1-HE1-HD1    128.495      9.950      7.141       -19420 
   W51NE1-HE1-HE1    128.495      9.950      9.950      -181523 
   W51NE1-HE1-HH2    128.495      9.950      6.443        -1018 
   W51NE1-HE1-HZ2    128.495      9.950      7.250        -9435 
W51NE1-HE1-R55HD3    128.495      9.950      1.971        -1817 
     F52N-H-V48HA    119.279      8.937      3.629        -2020 
    F52N-H-V48HG1    119.279      8.937      0.998        -1302 
     F52N-H-K49HA    119.279      8.937      4.328        -1637 
      F52N-H-I50H    119.279      8.937      8.689         -884 
      F52N-H-W51H    119.279      8.937      8.265        -5416 
     F52N-H-W51HA    119.279      8.937      4.017        -1686 
    F52N-H-W51HB2    119.279      8.937      3.503       -11760 
    F52N-H-W51HB3    119.279      8.937      3.291        -6003 
    F52N-H-W51HE3    119.279      8.937      6.969        -2045 
         F52N-H-H    119.279      8.937      8.937       -47775 
        F52N-H-HA    119.279      8.937      3.756        -3879 
       F52N-H-HB2    119.279      8.937      3.274        -6154 
       F52N-H-HB3    119.279      8.937      3.531       -10676 
       F52N-H-HD1    119.279      8.937      7.746        -4988 
       F52N-H-HE1    119.279      8.937      7.529        -1052 
      F52N-H-Q53H    119.279      8.937      8.034        -4679 
      F52N-H-N54H    119.279      8.937      8.294        -4283 
      F52N-H-R55H    119.279      8.937      8.075        -2795 
     Q53N-H-K49HA    118.154      8.034      4.328        -3270 
      Q53N-H-I50H    118.154      8.034      8.689         -748 
     Q53N-H-I50HA    118.154      8.034      3.773        -6274 
      Q53N-H-W51H    118.154      8.034      8.265        -8454 
     Q53N-H-W51HA    118.154      8.034      4.017        -1089 
      Q53N-H-F52H    118.154      8.034      8.937        -6317 
     Q53N-H-F52HA    118.154      8.034      3.756        -6453 
    Q53N-H-F52HB2    118.154      8.034      3.274        -2839 
    Q53N-H-F52HB3    118.154      8.034      3.531        -3995 
    Q53N-H-F52HD1    118.154      8.034      7.746        -1180 
         Q53N-H-H    118.154      8.034      8.034      -143198 
        Q53N-H-HA    118.154      8.034      3.937        -7976 
       Q53N-H-HB2    118.154      8.034      2.150       -15652 
       Q53N-H-HB3    118.154      8.034      2.218       -13557 
       Q53N-H-HG2    118.154      8.034      2.438        -4302 
       Q53N-H-HG3    118.154      8.034      2.368        -3942 
      Q53N-H-N54H    118.154      8.034      8.294       -10306 
      Q53N-H-R55H    118.154      8.034      8.075       -81404 
  Q53NE2-HE21-HB2    111.447      6.932      2.150         -155 
  Q53NE2-HE21-HB3    111.447      6.932      2.218         -132 
 Q53NE2-HE21-HE21    111.447      6.932      6.932      -156372 
 Q53NE2-HE21-HE22    111.447      6.932      7.502       -63937 
  Q53NE2-HE21-HG2    111.447      6.932      2.438        -1289 
  Q53NE2-HE21-HG3    111.447      6.932      2.368        -1293 
  Q53NE2-HE22-HB2    111.447      7.502      2.150         -657 
 Q53NE2-HE22-HE21    111.447      7.502      6.932       -65922 
 Q53NE2-HE22-HE22    111.447      7.502      7.502      -153099 
  Q53NE2-HE22-HG2    111.447      7.502      2.438        -2181 
  Q53NE2-HE22-HG3    111.447      7.502      2.368        -3357 
     N54N-H-I50HA    117.451      8.294      3.773        -2585 
    N54N-H-I50HG2    117.451      8.294      0.914        -1671 
     N54N-H-W51HA    117.451      8.294      4.017        -2152 
      N54N-H-F52H    117.451      8.294      8.937        -1440 
     N54N-H-F52HA    117.451      8.294      3.756        -2574 
      N54N-H-Q53H    117.451      8.294      8.034       -14604 
     N54N-H-Q53HA    117.451      8.294      3.937        -3291 
    N54N-H-Q53HB2    117.451      8.294      2.150       -10415 
    N54N-H-Q53HB3    117.451      8.294      2.218        -6411 
    N54N-H-Q53HG2    117.451      8.294      2.438        -7016 
    N54N-H-Q53HG3    117.451      8.294      2.368        -2126 
         N54N-H-H    117.451      8.294      8.294      -133873 
        N54N-H-HA    117.451      8.294      4.355        -8832 
       N54N-H-HB2    117.451      8.294      2.475        -8229 
       N54N-H-HB3    117.451      8.294      2.649       -13975 
      N54N-H-HD21    117.451      8.294      7.487        -2222 
      N54N-H-HD22    117.451      8.294      6.906        -1157 
      N54N-H-R55H    117.451      8.294      8.075       -12092 
      N54N-H-R56H    117.451      8.294      7.746        -1004 
      N54N-H-Y57H    117.451      8.294      7.564         -922 
N54ND2-HD21-I50HG2    112.830      7.487      0.914        -5292 
N54ND2-HD21-W51HA    112.830      7.487      4.017         -932 
    N54ND2-HD21-H    112.830      7.487      8.294        -1777 
   N54ND2-HD21-HA    112.830      7.487      4.355         -935 
  N54ND2-HD21-HB2    112.830      7.487      2.475        -3760 
  N54ND2-HD21-HB3    112.830      7.487      2.649        -5553 
 N54ND2-HD21-HD21    112.830      7.487      7.487       -99205 
 N54ND2-HD21-HD22    112.830      7.487      6.906       -59338 
N54ND2-HD22-I50HG2    112.830      6.906      0.914        -9637 
    N54ND2-HD22-H    112.830      6.906      8.294        -1390 
   N54ND2-HD22-HA    112.830      6.906      4.355         -875 
  N54ND2-HD22-HB2    112.830      6.906      2.475        -3176 
  N54ND2-HD22-HB3    112.830      6.906      2.649        -3875 
 N54ND2-HD22-HD21    112.830      6.906      7.487       -80328 
 N54ND2-HD22-HD22    112.830      6.906      6.906      -142091 
     R55N-H-W51HA    122.795      8.075      4.017        -1232 
      R55N-H-F52H    122.795      8.075      8.937         -460 
     R55N-H-F52HA    122.795      8.075      3.756        -2694 
      R55N-H-Q53H    122.795      8.075      8.034       -68061 
     R55N-H-Q53HA    122.795      8.075      3.937        -1158 
      R55N-H-N54H    122.795      8.075      8.294        -7859 
     R55N-H-N54HA    122.795      8.075      4.355        -2608 
    R55N-H-N54HB2    122.795      8.075      2.475        -3225 
    R55N-H-N54HB3    122.795      8.075      2.649        -4927 
         R55N-H-H    122.795      8.075      8.075       -89107 
        R55N-H-HA    122.795      8.075      3.431        -4600 
       R55N-H-HB2    122.795      8.075      0.650        -6900 
       R55N-H-HB3    122.795      8.075     -0.278        -5588 
       R55N-H-HD2    122.795      8.075      2.407        -2052 
       R55N-H-HD3    122.795      8.075      1.971        -1040 
       R55N-H-HG2    122.795      8.075     -0.283        -6116 
       R55N-H-HG3    122.795      8.075     -0.438        -1063 
      R55N-H-R56H    122.795      8.075      7.746        -6181 
      R55N-H-Y57H    122.795      8.075      7.564        -1037 
      R55N-H-K58H    122.795      8.075      7.679        -2782 
    R56N-H-F23HE1    117.779      7.746      7.174        -1588 
     R56N-H-F23HZ    117.779      7.746      6.946         -706 
     R56N-H-F52HA    117.779      7.746      3.756         -706 
     R56N-H-Q53HA    117.779      7.746      3.937        -1515 
      R56N-H-N54H    117.779      7.746      8.294         -990 
     R56N-H-N54HA    117.779      7.746      4.355         -771 
      R56N-H-R55H    117.779      7.746      8.075        -6330 
     R56N-H-R55HA    117.779      7.746      3.431        -1519 
    R56N-H-R55HB2    117.779      7.746      0.650        -2714 
    R56N-H-R55HB3    117.779      7.746     -0.278        -1241 
         R56N-H-H    117.779      7.746      7.746       -70149 
        R56N-H-HA    117.779      7.746      4.080        -4557 
       R56N-H-HB2    117.779      7.746      1.721        -4075 
       R56N-H-HB3    117.779      7.746      2.036        -6511 
       R56N-H-HG2    117.779      7.746      2.198        -4387 
       R56N-H-HG3    117.779      7.746      1.453        -2771 
      R56N-H-Y57H    117.779      7.746      7.564        -5175 
    R56N-H-Y57HB3    117.779      7.746      3.166         -435 
      R56N-H-K58H    117.779      7.746      7.679       -30509 
      Y57N-H-N54H    119.045      7.564      8.294        -1210 
     Y57N-H-N54HA    119.045      7.564      4.355        -4418 
      Y57N-H-R55H    119.045      7.564      8.075        -2360 
     Y57N-H-R55HA    119.045      7.564      3.431         -913 
      Y57N-H-R56H    119.045      7.564      7.746        -7728 
     Y57N-H-R56HA    119.045      7.564      4.080        -3515 
    Y57N-H-R56HB2    119.045      7.564      1.721        -3148 
    Y57N-H-R56HB3    119.045      7.564      2.036       -10307 
         Y57N-H-H    119.045      7.564      7.564      -183144 
        Y57N-H-HA    119.045      7.564      4.438        -8972 
       Y57N-H-HB2    119.045      7.564      3.094       -15884 
       Y57N-H-HB3    119.045      7.564      3.166        -9229 
       Y57N-H-HD2    119.045      7.564      7.145        -3191 
      Y57N-H-K58H    119.045      7.564      7.679        -7497 
      Y57N-H-T59H    119.045      7.564      7.724        -9837 
     K58N-H-N54HA    119.795      7.679      4.355        -1297 
      K58N-H-R55H    119.795      7.679      8.075         -458 
     K58N-H-R55HA    119.795      7.679      3.431        -1490 
      K58N-H-R56H    119.795      7.679      7.746       -14917 
     K58N-H-R56HA    119.795      7.679      4.080        -4886 
      K58N-H-Y57H    119.795      7.679      7.564        -3567 
     K58N-H-Y57HA    119.795      7.679      4.438        -5943 
    K58N-H-Y57HB2    119.795      7.679      3.094        -2903 
    K58N-H-Y57HB3    119.795      7.679      3.166        -2439 
    K58N-H-Y57HD2    119.795      7.679      7.145         -836 
         K58N-H-H    119.795      7.679      7.679       -69310 
        K58N-H-HA    119.795      7.679      4.108        -5796 
       K58N-H-HB2    119.795      7.679      1.802        -5065 
       K58N-H-HB3    119.795      7.679      1.731       -11333 
       K58N-H-HG2    119.795      7.679      1.360        -1970 
       K58N-H-HG3    119.795      7.679      1.454        -3164 
      K58N-H-T59H    119.795      7.679      7.724       -43061 
     T59N-H-R56HA    113.002      7.724      4.080        -6371 
      T59N-H-Y57H    113.002      7.724      7.564         -673 
     T59N-H-Y57HA    113.002      7.724      4.438         -880 
      T59N-H-K58H    113.002      7.724      7.679       -40131 
     T59N-H-K58HA    113.002      7.724      4.108        -7209 
    T59N-H-K58HB2    113.002      7.724      1.802        -2418 
    T59N-H-K58HB3    113.002      7.724      1.731        -2963 
         T59N-H-H    113.002      7.724      7.724       -50680 
        T59N-H-HA    113.002      7.724      4.261        -8347 
        T59N-H-HB    113.002      7.724      4.282        -8347 
       T59N-H-HG2    113.002      7.724      1.294        -4911 
      T59N-H-K60H    113.002      7.724      7.983         -888 
      K60N-H-T59H    123.029      7.983      7.724        -1353 
     K60N-H-T59HA    123.029      7.983      4.261        -9242 
     K60N-H-T59HB    123.029      7.983      4.282        -9242 
    K60N-H-T59HG2    123.029      7.983      1.294         -931 
         K60N-H-H    123.029      7.983      7.983       -21267 
        K60N-H-HA    123.029      7.983      4.264        -9242 
       K60N-H-HB2    123.029      7.983      1.835        -3037 
       K60N-H-HB3    123.029      7.983      1.778        -4987 
       K60N-H-HG3    123.029      7.983      1.427        -1372 
      K60N-H-R61H    123.029      7.983      8.173        -1493 
      R61N-H-K60H    121.811      8.173      7.983         -829 
     R61N-H-K60HA    121.811      8.173      4.264       -12357 
    R61N-H-K60HB2    121.811      8.173      1.835        -3931 
    R61N-H-K60HB3    121.811      8.173      1.778        -6265 
         R61N-H-H    121.811      8.173      8.173       -39335 
        R61N-H-HA    121.811      8.173      4.243       -12610 
       R61N-H-HB2    121.811      8.173      1.811        -5551 
       R61N-H-HB3    121.811      8.173      1.727        -6505 
       R61N-H-HG3    121.811      8.173      1.595        -3013 
      R61N-H-K62H    121.811      8.173      8.301         -826 
      K62N-H-R61H    122.701      8.301      8.173         -237 
     K62N-H-R61HA    122.701      8.301      4.243       -13328 
    K62N-H-R61HB2    122.701      8.301      1.811        -5210 
    K62N-H-R61HB3    122.701      8.301      1.727        -5916 
         K62N-H-H    122.701      8.301      8.301       -32789 
        K62N-H-HA    122.701      8.301      4.259        -9437 
       K62N-H-HB2    122.701      8.301      1.828        -2402 
       K62N-H-HB3    122.701      8.301      1.775        -7298 
      K62N-H-Q63H    122.701      8.301      8.375        -4786 
      Q63N-H-K62H    121.717      8.375      8.301        -4081 
     Q63N-H-K62HA    121.717      8.375      4.259        -9227 
    Q63N-H-K62HB2    121.717      8.375      1.828         -751 
    Q63N-H-K62HB3    121.717      8.375      1.775        -2076 
         Q63N-H-H    121.717      8.375      8.375       -42235 
        Q63N-H-HA    121.717      8.375      4.314        -3496 
       Q63N-H-HB2    121.717      8.375      2.077        -1711 
       Q63N-H-HB3    121.717      8.375      1.996        -3941 
       Q63N-H-HG2    121.717      8.375      2.358        -2186 
       Q63N-H-HG3    121.717      8.375      2.360        -2186 
      Q63N-H-L64H    121.717      8.375      8.384       -42235 
  Q63NE2-HE21-HB2    112.442      7.532      2.077          367 
  Q63NE2-HE21-HB3    112.442      7.532      1.996          623 
 Q63NE2-HE21-HE21    112.442      7.532      7.532      -279248 
 Q63NE2-HE21-HE22    112.442      7.532      6.870       -87380 
  Q63NE2-HE21-HG2    112.442      7.532      2.358        -2071 
  Q63NE2-HE21-HG3    112.442      7.532      2.360        -2071 
 Q63NE2-HE22-HE21    112.442      6.870      7.532       -83083 
 Q63NE2-HE22-HE22    112.442      6.870      6.870      -334399 
  Q63NE2-HE22-HG2    112.442      6.870      2.358        -1087 
  Q63NE2-HE22-HG3    112.442      6.870      2.360        -1087 
      L64N-H-Q63H    123.545      8.384      8.375       -71126 
     L64N-H-Q63HA    123.545      8.384      4.314       -10699 
    L64N-H-Q63HB2    123.545      8.384      2.077        -1358 
    L64N-H-Q63HB3    123.545      8.384      1.996         -735 
         L64N-H-H    123.545      8.384      8.384       -71126 
        L64N-H-HA    123.545      8.384      4.374        -4514 
       L64N-H-HB2    123.545      8.384      1.661        -9840 
       L64N-H-HB3    123.545      8.384      1.617        -8459 
       L64N-H-HD1    123.545      8.384      0.906          -42 
       L64N-H-HD2    123.545      8.384      0.848          -14 
        L64N-H-HG    123.545      8.384      1.639        -9840 
      L64N-H-S65H    123.545      8.384      8.354       -50975 
      S65N-H-L64H    116.279      8.354      8.384       -11847 
     S65N-H-L64HA    116.279      8.354      4.374        -4258 
    S65N-H-L64HB2    116.279      8.354      1.661         -690 
    S65N-H-L64HB3    116.279      8.354      1.617         -845 
         S65N-H-H    116.279      8.354      8.354       -13708 
        S65N-H-HA    116.279      8.354      4.435        -2226 
       S65N-H-HB2    116.279      8.354      3.930        -1653 
       S65N-H-HB3    116.279      8.354      3.868        -1569 
      S65N-H-S66H    116.279      8.354      8.280        -4664 
      S66N-H-S65H    117.123      8.280      8.354       -15305 
     S66N-H-S65HA    117.123      8.280      4.435        -3134 
    S66N-H-S65HB2    117.123      8.280      3.930        -2030 
    S66N-H-S65HB3    117.123      8.280      3.868        -1510 
         S66N-H-H    117.123      8.280      8.280       -44278 
        S66N-H-HA    117.123      8.280      4.451        -2202 
       S66N-H-HB2    117.123      8.280      3.942        -1912 
       S66N-H-HB3    117.123      8.280      3.867        -1510 
      S66N-H-E67H    117.123      8.280      8.399         -323 
      E67N-H-S66H    122.420      8.399      8.280         2792 
     E67N-H-S66HA    122.420      8.399      4.451        -4620 
    E67N-H-S66HB2    122.420      8.399      3.942         -845 
    E67N-H-S66HB3    122.420      8.399      3.867        -1229 
         E67N-H-H    122.420      8.399      8.399       -96319 
        E67N-H-HA    122.420      8.399      4.313        -4062 
       E67N-H-HB2    122.420      8.399      2.086        -1244 
       E67N-H-HB3    122.420      8.399      1.959        -3366 
       E67N-H-HG2    122.420      8.399      2.280        -1104 
       E67N-H-HG3    122.420      8.399      2.245        -1202 
      E67N-H-L68H    122.420      8.399      8.143        -1796 
      L68N-H-E67H    122.186      8.143      8.399        -2357 
     L68N-H-E67HA    122.186      8.143      4.313        -9095 
    L68N-H-E67HB2    122.186      8.143      2.086         -851 
    L68N-H-E67HB3    122.186      8.143      1.959         -447 
         L68N-H-H    122.186      8.143      8.143      -321770 
        L68N-H-HA    122.186      8.143      4.363        -5462 
       L68N-H-HB2    122.186      8.143      1.636        -8242 
       L68N-H-HB3    122.186      8.143      1.631        -7970 
       L68N-H-HD1    122.186      8.143      0.861         -119 
        L68N-H-HG    122.186      8.143      1.615        -7970 
      L68N-H-G69H    122.186      8.143      7.900          141 
      G69N-H-L68H    115.342      7.900      8.143        -1955 
     G69N-H-L68HA    115.342      7.900      4.363        -3763 
    G69N-H-L68HB2    115.342      7.900      1.636         -687 
    G69N-H-L68HB3    115.342      7.900      1.631         -815 
         G69N-H-H    115.342      7.900      7.900      -447529 
       G69N-H-HA2    115.342      7.900      3.745        -5042 
       G69N-H-HA3    115.342      7.900      3.746        -5042 
