      Assignment         w1         w2         w3   Data Height 

     F12N-H-M11HA    121.868      8.451      4.255        -2288 
    F12N-H-M11HB2    121.868      8.451      2.197         -200 
    F12N-H-M11HB3    121.868      8.451      2.311         -111 
         F12N-H-H    121.868      8.451      8.451        -2419 
        F12N-H-HA    121.868      8.451      4.641         -864 
       F12N-H-HB2    121.868      8.451      3.024        -1146 
       F12N-H-HB3    121.868      8.451      2.977         -997 
       F12N-H-HD1    121.868      8.451      7.187         -710 
      F12N-H-I13H    121.868      8.451      7.950         -696 
      I13N-H-F12H    122.825      7.950      8.451         -407 
     I13N-H-F12HA    122.825      7.950      4.641        -5178 
    I13N-H-F12HB2    122.825      7.950      3.024        -1762 
    I13N-H-F12HB3    122.825      7.950      2.977        -1397 
         I13N-H-H    122.825      7.950      7.950       -17733 
        I13N-H-HA    122.825      7.950      4.149        -1435 
        I13N-H-HB    122.825      7.950      1.462        -5693 
       I13N-H-HD1    122.825      7.950      0.747        -3893 
      I13N-H-HG12    122.825      7.950      1.491        -5062 
      I13N-H-HG13    122.825      7.950      0.747        -3893 
       I13N-H-HG2    122.825      7.950      0.764        -3893 
      I13N-H-Q14H    122.825      7.950      7.925       -14228 
      Q14N-H-I13H    125.864      7.925      7.950       -34157 
     Q14N-H-I13HA    125.864      7.925      4.149       -11839 
     Q14N-H-I13HB    125.864      7.925      1.462        -1797 
    Q14N-H-I13HG2    125.864      7.925      0.764        -6686 
         Q14N-H-H    125.864      7.925      7.925       -34499 
        Q14N-H-HA    125.864      7.925      4.587        -4140 
       Q14N-H-HB2    125.864      7.925      2.149        -3286 
       Q14N-H-HB3    125.864      7.925      1.926        -4969 
       Q14N-H-HG2    125.864      7.925      2.276        -1415 
       Q14N-H-HG3    125.864      7.925      2.370        -2064 
      Q14N-H-T15H    125.864      7.925      8.473         -725 
      Q14N-H-I27H    125.864      7.925      9.301        -1757 
     Q14N-H-I27HB    125.864      7.925      1.813        -2594 
    Q14N-H-I27HG2    125.864      7.925      0.918        -1140 
     Q14N-H-P28HA    125.864      7.925      4.524        -3154 
  Q14NE2-HE21-HB2    111.842      7.513      2.149         -548 
  Q14NE2-HE21-HB3    111.842      7.513      1.926         -496 
 Q14NE2-HE21-HE21    111.842      7.513      7.513      -143924 
 Q14NE2-HE21-HE22    111.842      7.513      6.854       -71106 
  Q14NE2-HE21-HG2    111.842      7.513      2.276        -2675 
  Q14NE2-HE21-HG3    111.842      7.513      2.370        -4037 
Q14NE2-HE21-I27HB    111.842      7.513      1.813          -25 
  Q14NE2-HE22-HB2    111.842      6.854      2.149         -128 
  Q14NE2-HE22-HB3    111.842      6.854      1.926         -404 
 Q14NE2-HE22-HE21    111.842      6.854      7.513       -67125 
 Q14NE2-HE22-HE22    111.842      6.854      6.854      -159530 
  Q14NE2-HE22-HG2    111.842      6.854      2.276        -1347 
  Q14NE2-HE22-HG3    111.842      6.854      2.370        -1783 
Q14NE2-HE22-I27HG2    111.842      6.854      0.918         -256 
      T15N-H-Q14H    114.288      8.473      7.925        -1128 
     T15N-H-Q14HA    114.288      8.473      4.587       -13867 
    T15N-H-Q14HB2    114.288      8.473      2.149        -4223 
    T15N-H-Q14HB3    114.288      8.473      1.926        -2436 
    T15N-H-Q14HG3    114.288      8.473      2.370        -1433 
         T15N-H-H    114.288      8.473      8.473       -33937 
        T15N-H-HA    114.288      8.473      5.225        -2628 
        T15N-H-HB    114.288      8.473      3.655        -1952 
       T15N-H-HG2    114.288      8.473      0.557        -2710 
      T15N-H-Q16H    114.288      8.473      8.776         -895 
      Q16N-H-T15H    121.949      8.776      8.473         -734 
     Q16N-H-T15HA    121.949      8.776      5.225       -13228 
     Q16N-H-T15HB    121.949      8.776      3.655        -6464 
    Q16N-H-T15HG2    121.949      8.776      0.557        -4150 
         Q16N-H-H    121.949      8.776      8.776       -40546 
        Q16N-H-HA    121.949      8.776      4.483        -4932 
       Q16N-H-HB2    121.949      8.776      1.902        -4075 
       Q16N-H-HB3    121.949      8.776      1.674        -6591 
       Q16N-H-HG2    121.949      8.776      2.238        -1150 
       Q16N-H-HG3    121.949      8.776      2.420        -1199 
      Q16N-H-D17H    121.949      8.776      8.297        -1211 
    Q16N-H-L24HD1    121.949      8.776     -0.029        -1745 
     Q16N-H-L24HG    121.949      8.776      0.407        -1126 
      Q16N-H-K25H    121.949      8.776      8.058        -3281 
    Q16N-H-K25HG2    121.949      8.776      1.259        -1015 
     Q16N-H-F26HA    121.949      8.776      4.835        -4885 
      Q16N-H-I27H    121.949      8.776      9.301         -822 
    Q16N-H-I27HD1    121.949      8.776      0.665        -1414 
  Q16NE2-HE21-HB2    111.338      7.482      1.902         -523 
  Q16NE2-HE21-HB3    111.338      7.482      1.674         -368 
 Q16NE2-HE21-HE21    111.338      7.482      7.482       -75765 
 Q16NE2-HE21-HE22    111.338      7.482      6.804       -47036 
  Q16NE2-HE21-HG2    111.338      7.482      2.238        -4952 
  Q16NE2-HE21-HG3    111.338      7.482      2.420        -4166 
  Q16NE2-HE22-HB2    111.338      6.804      1.902         -342 
 Q16NE2-HE22-HE21    111.338      6.804      7.482       -53267 
 Q16NE2-HE22-HE22    111.338      6.804      6.804       -91919 
  Q16NE2-HE22-HG2    111.338      6.804      2.238        -3422 
  Q16NE2-HE22-HG3    111.338      6.804      2.420        -2440 
      D17N-H-Q16H    122.736      8.297      8.776        -2824 
     D17N-H-Q16HA    122.736      8.297      4.483       -27566 
    D17N-H-Q16HB2    122.736      8.297      1.902        -4646 
    D17N-H-Q16HB3    122.736      8.297      1.674        -3258 
    D17N-H-Q16HG2    122.736      8.297      2.238        -2898 
         D17N-H-H    122.736      8.297      8.297       -64332 
        D17N-H-HA    122.736      8.297      4.617        -5923 
       D17N-H-HB2    122.736      8.297      2.680        -5901 
       D17N-H-HB3    122.736      8.297      2.504       -11039 
      D17N-H-T18H    122.736      8.297      8.745        -2744 
    D17N-H-L24HD1    122.736      8.297     -0.029         -926 
      T18N-H-D17H    111.515      8.745      8.297         -937 
     T18N-H-D17HA    111.515      8.745      4.617       -11215 
    T18N-H-D17HB2    111.515      8.745      2.680        -5305 
    T18N-H-D17HB3    111.515      8.745      2.504        -3431 
         T18N-H-H    111.515      8.745      8.745       -30869 
        T18N-H-HA    111.515      8.745      4.938        -2412 
        T18N-H-HB    111.515      8.745      4.508        -1734 
       T18N-H-HG2    111.515      8.745      1.049        -4576 
     T18N-H-L24HA    111.515      8.745      4.462        -1463 
    T18N-H-L24HD1    111.515      8.745     -0.029        -1567 
      T18N-H-K25H    111.515      8.745      8.058         -701 
     N20N-H-T18HA    116.237      7.831      4.938        -1954 
     N20N-H-T18HB    116.237      7.831      4.508        -3009 
    N20N-H-T18HG2    116.237      7.831      1.049        -2254 
     N20N-H-P19HA    116.237      7.831      4.396        -2848 
    N20N-H-P19HB2    116.237      7.831      1.831        -1860 
    N20N-H-P19HB3    116.237      7.831      2.453        -1333 
    N20N-H-P19HD2    116.237      7.831      3.845        -1897 
    N20N-H-P19HD3    116.237      7.831      3.616        -3239 
    N20N-H-P19HG2    116.237      7.831      2.032        -1459 
         N20N-H-H    116.237      7.831      7.831       -48467 
        N20N-H-HA    116.237      7.831      5.185        -5826 
       N20N-H-HB2    116.237      7.831      2.911        -7893 
       N20N-H-HB3    116.237      7.831      2.673        -7151 
   N20ND2-HD21-HA    112.700      7.245      5.185         -735 
  N20ND2-HD21-HB2    112.700      7.245      2.911        -1105 
  N20ND2-HD21-HB3    112.700      7.245      2.673        -1832 
 N20ND2-HD21-HD21    112.700      7.245      7.245       -26603 
 N20ND2-HD21-HD22    112.700      7.245      7.603        -7995 
   N20ND2-HD22-HA    112.700      7.603      5.185         -563 
  N20ND2-HD22-HB2    112.700      7.603      2.911        -1193 
  N20ND2-HD22-HB3    112.700      7.603      2.673        -1329 
 N20ND2-HD22-HD21    112.700      7.603      7.245        -9368 
 N20ND2-HD22-HD22    112.700      7.603      7.603        -3512 
     N22N-H-N20HA    113.190      8.439      5.185        -1191 
    N22N-H-N20HB2    113.190      8.439      2.911         -732 
    N22N-H-N20HB3    113.190      8.439      2.673        -1852 
     N22N-H-P21HA    113.190      8.439      4.612        -2632 
    N22N-H-P21HB2    113.190      8.439      2.018        -3716 
    N22N-H-P21HB3    113.190      8.439      2.488         -958 
    N22N-H-P21HD2    113.190      8.439      3.987        -2763 
    N22N-H-P21HD3    113.190      8.439      3.987        -2763 
    N22N-H-P21HG2    113.190      8.439      2.104        -1076 
    N22N-H-P21HG3    113.190      8.439      2.019        -3716 
         N22N-H-H    113.190      8.439      8.439       -15524 
        N22N-H-HA    113.190      8.439      4.881        -3169 
       N22N-H-HB2    113.190      8.439      3.166        -3306 
       N22N-H-HB3    113.190      8.439      2.736        -3971 
      N22N-H-HD21    113.190      8.439      7.270        -1507 
      N22N-H-S23H    113.190      8.439      8.555        -4429 
    N22ND2-HD21-H    110.325      7.270      8.439         -838 
   N22ND2-HD21-HA    110.325      7.270      4.881        -1215 
  N22ND2-HD21-HB2    110.325      7.270      3.166        -3334 
  N22ND2-HD21-HB3    110.325      7.270      2.736        -4343 
 N22ND2-HD21-HD21    110.325      7.270      7.270       -32616 
 N22ND2-HD21-HD22    110.325      7.270      6.280       -31367 
N22ND2-HD21-T74HG2    110.325      7.270      1.198         -669 
   N22ND2-HD22-HA    110.325      6.280      4.881         -910 
  N22ND2-HD22-HB2    110.325      6.280      3.166        -2682 
  N22ND2-HD22-HB3    110.325      6.280      2.736        -3809 
 N22ND2-HD22-HD21    110.325      6.280      7.270       -29734 
 N22ND2-HD22-HD22    110.325      6.280      6.280       -35468 
N22ND2-HD22-E78HG3    110.325      6.280      2.328        -3306 
     S23N-H-N20HA    116.802      8.555      5.185         -724 
    S23N-H-N20HB3    116.802      8.555      2.673        -1528 
     S23N-H-P21HA    116.802      8.555      4.612        -2557 
      S23N-H-N22H    116.802      8.555      8.439        -4134 
     S23N-H-N22HA    116.802      8.555      4.881        -2622 
    S23N-H-N22HB2    116.802      8.555      3.166        -1040 
    S23N-H-N22HB3    116.802      8.555      2.736        -1671 
         S23N-H-H    116.802      8.555      8.555       -61035 
        S23N-H-HA    116.802      8.555      6.167        -3562 
       S23N-H-HB2    116.802      8.555      3.737        -5689 
       S23N-H-HB3    116.802      8.555      3.624        -3482 
      S23N-H-L24H    116.802      8.555      8.732        -2051 
     S23N-H-T74HA    116.802      8.555      5.839        -1214 
    S23N-H-T74HG2    116.802      8.555      1.198        -1204 
    S23N-H-W82HE1    116.802      8.555      9.809         -915 
    S23N-H-W82HZ2    116.802      8.555      7.353        -1868 
    L24N-H-T18HG2    126.813      8.732      1.049        -5560 
      L24N-H-S23H    126.813      8.732      8.555         -793 
     L24N-H-S23HA    126.813      8.732      6.167       -16290 
    L24N-H-S23HB2    126.813      8.732      3.737        -2567 
    L24N-H-S23HB3    126.813      8.732      3.624        -4086 
         L24N-H-H    126.813      8.732      8.732       -65015 
        L24N-H-HA    126.813      8.732      4.462        -4530 
       L24N-H-HB2    126.813      8.732      0.413        -6703 
       L24N-H-HB3    126.813      8.732      0.174        -5006 
       L24N-H-HD1    126.813      8.732     -0.029        -1997 
       L24N-H-HD2    126.813      8.732      0.029        -2363 
        L24N-H-HG    126.813      8.732      0.407        -6703 
      L24N-H-K25H    126.813      8.732      8.058        -1217 
     L24N-H-K25HA    126.813      8.732      4.847         -959 
     L24N-H-T72HA    126.813      8.732      5.593        -1309 
    L24N-H-T72HG2    126.813      8.732      1.086        -6205 
      L24N-H-V73H    126.813      8.732      9.241        -4347 
     L24N-H-V73HB    126.813      8.732      2.313        -1817 
    L24N-H-V73HG1    126.813      8.732      1.156        -3378 
     L24N-H-T74HA    126.813      8.732      5.839        -3952 
    L24N-H-W82HE1    126.813      8.732      9.809         -415 
    L24N-H-W82HH2    126.813      8.732      7.191        -3279 
    L24N-H-W82HZ2    126.813      8.732      7.353        -3987 
      K25N-H-Q16H    123.734      8.058      8.776        -2776 
      K25N-H-T18H    123.734      8.058      8.745        -2216 
    K25N-H-T18HG2    123.734      8.058      1.049        -4858 
      K25N-H-L24H    123.734      8.058      8.732        -2216 
     K25N-H-L24HA    123.734      8.058      4.462       -12258 
    K25N-H-L24HB2    123.734      8.058      0.413        -4259 
    K25N-H-L24HB3    123.734      8.058      0.174        -1095 
    K25N-H-L24HD1    123.734      8.058     -0.029        -4525 
    K25N-H-L24HD2    123.734      8.058      0.029        -3687 
     K25N-H-L24HG    123.734      8.058      0.407        -4259 
         K25N-H-H    123.734      8.058      8.058       -39822 
        K25N-H-HA    123.734      8.058      4.847        -2397 
       K25N-H-HB2    123.734      8.058      1.523        -5143 
       K25N-H-HB3    123.734      8.058      1.637        -5637 
       K25N-H-HG2    123.734      8.058      1.259        -1719 
       K25N-H-HG3    123.734      8.058      1.199        -1134 
      K25N-H-F26H    123.734      8.058      9.629         -991 
     K25N-H-T72HA    123.734      8.058      5.593         -634 
    K25N-H-T72HG2    123.734      8.058      1.086        -3675 
     F26N-H-L24HG    123.189      9.629      0.407         -450 
      F26N-H-K25H    123.189      9.629      8.058         -970 
     F26N-H-K25HA    123.189      9.629      4.847       -18068 
    F26N-H-K25HB2    123.189      9.629      1.523        -3176 
    F26N-H-K25HB3    123.189      9.629      1.637        -2123 
    F26N-H-K25HG2    123.189      9.629      1.259        -3628 
    F26N-H-K25HG3    123.189      9.629      1.199        -3098 
         F26N-H-H    123.189      9.629      9.629       -39608 
        F26N-H-HA    123.189      9.629      4.835       -18957 
       F26N-H-HB2    123.189      9.629      2.442        -3737 
       F26N-H-HB3    123.189      9.629      3.160        -5756 
       F26N-H-HD1    123.189      9.629      7.196        -7356 
      F26N-H-I27H    123.189      9.629      9.301        -2156 
      F26N-H-I71H    123.189      9.629      9.191        -3408 
     F26N-H-I71HB    123.189      9.629      1.761        -2104 
    F26N-H-I71HG2    123.189      9.629      0.942        -2484 
      F26N-H-T72H    123.189      9.629     10.252         -509 
     F26N-H-T72HA    123.189      9.629      5.593        -4995 
      F26N-H-V73H    123.189      9.629      9.241        -4128 
    F26N-H-V73HG2    123.189      9.629      0.944        -2484 
    I27N-H-I13HG2    124.997      9.301      0.764        -3563 
      I27N-H-Q14H    124.997      9.301      7.925        -1585 
     I27N-H-T15HA    124.997      9.301      5.225        -1317 
    I27N-H-T15HG2    124.997      9.301      0.557        -1057 
      I27N-H-Q16H    124.997      9.301      8.776         -414 
      I27N-H-F26H    124.997      9.301      9.629         -744 
     I27N-H-F26HA    124.997      9.301      4.835       -10130 
    I27N-H-F26HB2    124.997      9.301      2.442        -1417 
    I27N-H-F26HB3    124.997      9.301      3.160         -929 
         I27N-H-H    124.997      9.301      9.301       -21986 
        I27N-H-HA    124.997      9.301      4.694        -2099 
        I27N-H-HB    124.997      9.301      1.813        -4980 
       I27N-H-HD1    124.997      9.301      0.665        -2206 
      I27N-H-HG12    124.997      9.301      0.970        -2065 
      I27N-H-HG13    124.997      9.301      1.237        -2834 
       I27N-H-HG2    124.997      9.301      0.918        -2968 
    I27N-H-P28HD3    124.997      9.301      4.134         -828 
      I27N-H-I71H    124.997      9.301      9.191         -799 
     G29N-H-I27HA    106.590      7.989      4.694         -651 
     G29N-H-I27HB    106.590      7.989      1.813         -566 
    G29N-H-I27HG2    106.590      7.989      0.918        -3841 
     G29N-H-P28HA    106.590      7.989      4.524        -2010 
    G29N-H-P28HB2    106.590      7.989      1.751         -925 
    G29N-H-P28HB3    106.590      7.989      1.640         -930 
    G29N-H-P28HD2    106.590      7.989      3.872         -462 
    G29N-H-P28HD3    106.590      7.989      4.134        -1521 
    G29N-H-P28HG2    106.590      7.989      1.944        -1234 
         G29N-H-H    106.590      7.989      7.989       -15991 
       G29N-H-HA2    106.590      7.989      3.642        -4180 
       G29N-H-HA3    106.590      7.989      4.026        -3082 
      G29N-H-K30H    106.590      7.989      6.801        -3870 
     K30N-H-M11HE    117.771      6.801      1.791        -5241 
    K30N-H-I27HG2    117.771      6.801      0.918        -1971 
    K30N-H-P28HB2    117.771      6.801      1.751        -4516 
    K30N-H-P28HG2    117.771      6.801      1.944        -5236 
    K30N-H-P28HG3    117.771      6.801      1.499        -2477 
      K30N-H-G29H    117.771      6.801      7.989        -6647 
    K30N-H-G29HA2    117.771      6.801      3.642        -3492 
    K30N-H-G29HA3    117.771      6.801      4.026        -2770 
         K30N-H-H    117.771      6.801      6.801       -55752 
        K30N-H-HA    117.771      6.801      4.653        -5168 
       K30N-H-HB2    117.771      6.801      1.782        -5777 
       K30N-H-HB3    117.771      6.801      1.016        -5606 
       K30N-H-HG2    117.771      6.801      1.140        -4897 
       K30N-H-HG3    117.771      6.801      1.139        -4897 
     V32N-H-P31HA    121.796      7.872      4.336       -12061 
    V32N-H-P31HB2    121.796      7.872      2.328        -3042 
    V32N-H-P31HB3    121.796      7.872      1.821        -2239 
         V32N-H-H    121.796      7.872      7.872       -32440 
        V32N-H-HA    121.796      7.872      4.218        -1816 
        V32N-H-HB    121.796      7.872      2.110        -4798 
       V32N-H-HG1    121.796      7.872      0.682        -6695 
       V32N-H-HG2    121.796      7.872      0.680        -6695 
      V32N-H-L33H    121.796      7.872      7.566        -3097 
     V32N-H-D69HA    121.796      7.872      4.704        -4624 
      V32N-H-S70H    121.796      7.872      7.226         -380 
     L33N-H-P31HA    118.002      7.566      4.336        -1405 
      L33N-H-V32H    118.002      7.566      7.872        -1801 
     L33N-H-V32HA    118.002      7.566      4.218        -3260 
     L33N-H-V32HB    118.002      7.566      2.110       -16759 
    L33N-H-V32HG1    118.002      7.566      0.682       -19115 
    L33N-H-V32HG2    118.002      7.566      0.680       -19115 
         L33N-H-H    118.002      7.566      7.566       -75888 
        L33N-H-HA    118.002      7.566      4.635        -4250 
       L33N-H-HB2    118.002      7.566      1.648       -11766 
       L33N-H-HB3    118.002      7.566      1.521        -6511 
       L33N-H-HD1    118.002      7.566      0.852        -3030 
       L33N-H-HD2    118.002      7.566      0.911        -3434 
        L33N-H-HG    118.002      7.566      1.596       -11075 
      L33N-H-E34H    118.002      7.566      8.997        -3656 
     L33N-H-E34HA    118.002      7.566      4.052        -2973 
     L33N-H-P68HA    118.002      7.566      4.463        -5906 
     L33N-H-D69HA    118.002      7.566      4.704        -2542 
      L33N-H-S70H    118.002      7.566      7.226        -2829 
      E34N-H-L33H    119.011      8.997      7.566        -4023 
     E34N-H-L33HA    119.011      8.997      4.635        -5242 
    E34N-H-L33HB2    119.011      8.997      1.648        -1835 
    E34N-H-L33HB3    119.011      8.997      1.521        -1578 
    E34N-H-L33HD2    119.011      8.997      0.911        -1365 
         E34N-H-H    119.011      8.997      8.997       -20005 
        E34N-H-HA    119.011      8.997      4.052        -9059 
       E34N-H-HB2    119.011      8.997      2.325        -6942 
       E34N-H-HB3    119.011      8.997      2.323        -6942 
       E34N-H-HG2    119.011      8.997      2.234        -4059 
      E34N-H-R36H    119.011      8.997      7.318         -348 
     E34N-H-P68HA    119.011      8.997      4.463        -5819 
     R36N-H-L33HA    117.791      7.318      4.635        -1092 
    R36N-H-L33HB2    117.791      7.318      1.648        -6011 
    R36N-H-L33HB3    117.791      7.318      1.521        -2292 
    R36N-H-L33HD1    117.791      7.318      0.852         -786 
    R36N-H-L33HD2    117.791      7.318      0.911         -798 
      R36N-H-E34H    117.791      7.318      8.997         -676 
     R36N-H-E34HA    117.791      7.318      4.052         -651 
     R36N-H-T35HA    117.791      7.318      4.395        -4169 
     R36N-H-T35HB    117.791      7.318      4.499        -2492 
    R36N-H-T35HG2    117.791      7.318      1.214        -1184 
         R36N-H-H    117.791      7.318      7.318       -50151 
        R36N-H-HA    117.791      7.318      4.735        -5834 
       R36N-H-HB2    117.791      7.318      2.027        -2191 
       R36N-H-HB3    117.791      7.318      1.898        -3766 
       R36N-H-HG2    117.791      7.318      1.622        -6011 
       R36N-H-HG3    117.791      7.318      1.438        -2771 
      R36N-H-T37H    117.791      7.318      7.597        -2980 
     R36N-H-T37HA    117.791      7.318      4.906        -1310 
    T37N-H-L33HD1    105.056      7.597      0.852        -1625 
      T37N-H-R36H    105.056      7.597      7.318        -1180 
     T37N-H-R36HA    105.056      7.597      4.735       -13848 
    T37N-H-R36HB2    105.056      7.597      2.027        -8932 
    T37N-H-R36HB3    105.056      7.597      1.898       -13675 
    T37N-H-R36HG2    105.056      7.597      1.622        -2729 
    T37N-H-R36HG3    105.056      7.597      1.438        -2600 
         T37N-H-H    105.056      7.597      7.597       -84564 
        T37N-H-HA    105.056      7.597      4.906        -4443 
        T37N-H-HB    105.056      7.597      4.260        -1812 
       T37N-H-HG2    105.056      7.597      1.335        -6625 
      T37N-H-M38H    105.056      7.597      8.376        -1258 
    M38N-H-L33HD1    118.861      8.376      0.852        -6898 
    M38N-H-R36HG3    118.861      8.376      1.438        -4076 
      M38N-H-T37H    118.861      8.376      7.597        -1342 
     M38N-H-T37HA    118.861      8.376      4.906       -13181 
     M38N-H-T37HB    118.861      8.376      4.260       -11155 
    M38N-H-T37HG2    118.861      8.376      1.335        -4452 
         M38N-H-H    118.861      8.376      8.376       -78431 
        M38N-H-HA    118.861      8.376      4.185        -4682 
       M38N-H-HB2    118.861      8.376      1.633        -5153 
       M38N-H-HB3    118.861      8.376      1.447        -4076 
       M38N-H-HG2    118.861      8.376      2.108        -1311 
       M38N-H-HG3    118.861      8.376      1.750        -1154 
      M38N-H-D39H    118.861      8.376      8.400       -78431 
     M38N-H-D39HA    118.861      8.376      5.042         -765 
      M38N-H-F66H    118.861      8.376      9.313        -4466 
    M38N-H-F66HB2    118.861      8.376      3.205        -2948 
    M38N-H-F66HB3    118.861      8.376      3.336        -3579 
    M38N-H-G67HA2    118.861      8.376      3.886         -669 
      D39N-H-M38H    124.613      8.400      8.376       -50485 
     D39N-H-M38HA    124.613      8.400      4.185       -22592 
    D39N-H-M38HB2    124.613      8.400      1.633        -2215 
    D39N-H-M38HB3    124.613      8.400      1.447        -2426 
         D39N-H-H    124.613      8.400      8.400       -50485 
        D39N-H-HA    124.613      8.400      5.042        -3586 
       D39N-H-HB2    124.613      8.400      2.563       -13396 
       D39N-H-HB3    124.613      8.400      2.566       -13396 
      D39N-H-F40H    124.613      8.400      8.836        -1163 
    D39N-H-F65HD1    124.613      8.400      7.254        -1290 
    D39N-H-F65HE1    124.613      8.400      7.286        -1250 
      F40N-H-D39H    120.948      8.836      8.400        -1257 
     F40N-H-D39HA    120.948      8.836      5.042       -16812 
    F40N-H-D39HB2    120.948      8.836      2.563        -3810 
    F40N-H-D39HB3    120.948      8.836      2.566        -3810 
         F40N-H-H    120.948      8.836      8.836       -55652 
        F40N-H-HA    120.948      8.836      4.913        -4052 
       F40N-H-HB2    120.948      8.836      3.518        -4808 
       F40N-H-HB3    120.948      8.836      2.670        -3070 
       F40N-H-HD2    120.948      8.836      6.671        -6715 
     F40N-H-P41HA    120.948      8.836      4.620         -649 
    F40N-H-P41HD2    120.948      8.836      3.667        -1807 
    F40N-H-P41HD3    120.948      8.836      3.435        -2848 
      F40N-H-V64H    120.948      8.836      7.967        -2214 
     F40N-H-V64HB    120.948      8.836      1.675        -1596 
    F40N-H-V64HG1    120.948      8.836      0.728         -950 
     F40N-H-F65HA    120.948      8.836      5.350        -4466 
    F40N-H-F65HB2    120.948      8.836      3.232        -1021 
    F40N-H-F65HD1    120.948      8.836      7.254        -2383 
     T42N-H-F40HA    104.189      7.123      4.913        -5605 
    T42N-H-F40HB3    104.189      7.123      2.670        -1822 
     T42N-H-P41HA    104.189      7.123      4.620        -4132 
    T42N-H-P41HB2    104.189      7.123      2.486        -2699 
    T42N-H-P41HB3    104.189      7.123      2.114       -10543 
    T42N-H-P41HD2    104.189      7.123      3.667        -9031 
    T42N-H-P41HD3    104.189      7.123      3.435        -4128 
    T42N-H-P41HG2    104.189      7.123      2.076       -12173 
    T42N-H-P41HG3    104.189      7.123      2.076       -12173 
         T42N-H-H    104.189      7.123      7.123      -159386 
        T42N-H-HA    104.189      7.123      4.980        -9999 
        T42N-H-HB    104.189      7.123      4.489        -3470 
       T42N-H-HG2    104.189      7.123      1.239        -9553 
      T42N-H-A45H    104.189      7.123      7.737        -3043 
     T42N-H-A45HB    104.189      7.123      1.745       -19377 
     T42N-H-F56HZ    104.189      7.123      7.198       -16555 
      A45N-H-T42H    118.829      7.737      7.123        -3343 
     A45N-H-T42HA    118.829      7.737      4.980        -1449 
     A45N-H-T42HB    118.829      7.737      4.489       -12086 
    A45N-H-T42HG2    118.829      7.737      1.239        -4977 
     A45N-H-P43HA    118.829      7.737      2.776        -1510 
     A45N-H-A44HA    118.829      7.737      4.006        -3888 
     A45N-H-A44HB    118.829      7.737      1.327       -13337 
         A45N-H-H    118.829      7.737      7.737      -105897 
        A45N-H-HA    118.829      7.737      4.466       -12086 
        A45N-H-HB    118.829      7.737      1.745       -30006 
      A45N-H-A46H    118.829      7.737      7.618        -9371 
     A45N-H-A46HB    118.829      7.737      1.289        -8777 
      A45N-H-F47H    118.829      7.737      7.346        -1406 
    A46N-H-F40HB3    118.013      7.618      2.670        -1005 
    A46N-H-F40HD1    118.013      7.618      6.671        -3569 
     A46N-H-P43HA    118.013      7.618      2.776        -3094 
     A46N-H-A44HA    118.013      7.618      4.006        -6824 
     A46N-H-A44HB    118.013      7.618      1.327       -20053 
      A46N-H-A45H    118.013      7.618      7.737         1410 
     A46N-H-A45HA    118.013      7.618      4.466        -5541 
     A46N-H-A45HB    118.013      7.618      1.745        -9449 
         A46N-H-H    118.013      7.618      7.618      -146399 
        A46N-H-HA    118.013      7.618      4.057        -9770 
        A46N-H-HB    118.013      7.618      1.289       -28391 
      A46N-H-F47H    118.013      7.618      7.346       -10082 
      A46N-H-R48H    118.013      7.618      6.985        -2294 
     A46N-H-A52HB    118.013      7.618      0.495        -1188 
    A46N-H-F56HE2    118.013      7.618      7.002        -2294 
     F47N-H-A44HA    116.439      7.346      4.006        -2785 
      F47N-H-A45H    116.439      7.346      7.737        -1079 
     F47N-H-A45HA    116.439      7.346      4.466        -1936 
     F47N-H-A45HB    116.439      7.346      1.745        -1434 
      F47N-H-A46H    116.439      7.346      7.618        -7822 
     F47N-H-A46HA    116.439      7.346      4.057        -3455 
     F47N-H-A46HB    116.439      7.346      1.289        -4696 
         F47N-H-H    116.439      7.346      7.346       -70529 
        F47N-H-HA    116.439      7.346      4.210        -9105 
       F47N-H-HB2    116.439      7.346      3.234        -8854 
       F47N-H-HB3    116.439      7.346      3.122       -11228 
       F47N-H-HD1    116.439      7.346      7.318       -53214 
      F47N-H-R48H    116.439      7.346      6.985        -3831 
      F47N-H-S49H    116.439      7.346      7.711        -1510 
    F47N-H-R53HG2    116.439      7.346      1.464          229 
    R48N-H-F40HD1    115.511      6.985      6.671         -659 
    R48N-H-F40HE1    115.511      6.985      6.172        -1413 
      R48N-H-A46H    115.511      6.985      7.618         -774 
     R48N-H-A46HA    115.511      6.985      4.057        -2117 
     R48N-H-A46HB    115.511      6.985      1.289        -3560 
      R48N-H-F47H    115.511      6.985      7.346        -4614 
     R48N-H-F47HA    115.511      6.985      4.210        -7116 
    R48N-H-F47HB2    115.511      6.985      3.234        -1642 
    R48N-H-F47HB3    115.511      6.985      3.122        -3066 
    R48N-H-F47HD1    115.511      6.985      7.318        -3990 
         R48N-H-H    115.511      6.985      6.985       -36779 
        R48N-H-HA    115.511      6.985      4.216        -7116 
       R48N-H-HB2    115.511      6.985      1.941        -4341 
       R48N-H-HB3    115.511      6.985      1.622        -6483 
       R48N-H-HD3    115.511      6.985      3.112        -3066 
       R48N-H-HG2    115.511      6.985      1.235        -4898 
       R48N-H-HG3    115.511      6.985      1.129        -4381 
      R48N-H-S49H    115.511      6.985      7.711        -6843 
    S49N-H-F40HE1    111.050      7.711      6.172        -1472 
     S49N-H-F40HZ    111.050      7.711      6.750        -1029 
     S49N-H-A46HA    111.050      7.711      4.057        -3300 
     S49N-H-A46HB    111.050      7.711      1.289        -2827 
      S49N-H-F47H    111.050      7.711      7.346        -1683 
     S49N-H-F47HA    111.050      7.711      4.210        -6373 
      S49N-H-R48H    111.050      7.711      6.985        -7203 
     S49N-H-R48HA    111.050      7.711      4.216        -6373 
    S49N-H-R48HB2    111.050      7.711      1.941        -2555 
    S49N-H-R48HB3    111.050      7.711      1.622        -2171 
         S49N-H-H    111.050      7.711      7.711      -110949 
        S49N-H-HA    111.050      7.711      5.524        -5666 
       S49N-H-HB2    111.050      7.711      3.230        -8747 
       S49N-H-HB3    111.050      7.711      3.823        -7085 
    S49N-H-P50HD3    111.050      7.711      3.863        -5001 
     S49N-H-A52HB    111.050      7.711      0.495        -4016 
      S49N-H-R53H    111.050      7.711      8.367        -1205 
     L51N-H-S49HA    114.683      6.438      5.524        -1834 
    L51N-H-S49HB2    114.683      6.438      3.230        -1496 
     L51N-H-P50HA    114.683      6.438      4.194        -2099 
    L51N-H-P50HB2    114.683      6.438      2.051        -5519 
    L51N-H-P50HB3    114.683      6.438      2.549        -2201 
    L51N-H-P50HD2    114.683      6.438      3.970        -4822 
    L51N-H-P50HD3    114.683      6.438      3.863        -2796 
    L51N-H-P50HG2    114.683      6.438      2.293        -2247 
    L51N-H-P50HG3    114.683      6.438      2.101        -4559 
         L51N-H-H    114.683      6.438      6.438       -67934 
        L51N-H-HA    114.683      6.438      3.663        -7220 
       L51N-H-HB2    114.683      6.438     -0.386        -8281 
       L51N-H-HB3    114.683      6.438      0.886       -11045 
       L51N-H-HD1    114.683      6.438      0.559        -5369 
       L51N-H-HD2    114.683      6.438      0.213        -3437 
        L51N-H-HG    114.683      6.438      1.099        -2495 
      L51N-H-A52H    114.683      6.438      7.245       -10591 
     L51N-H-A52HB    114.683      6.438      0.495        -3747 
      L51N-H-R53H    114.683      6.438      8.367        -1620 
      L51N-H-Q54H    114.683      6.438      7.495         -326 
     L51N-H-F66HZ    114.683      6.438      6.625        -2916 
    L51N-H-F96HE1    114.683      6.438      6.805        -1794 
     L51N-H-F96HZ    114.683      6.438      6.968        -1400 
    L51N-H-L103HA    114.683      6.438      3.989        -5212 
   L51N-H-L103HD2    114.683      6.438      0.518        -5580 
     A52N-H-A46HB    120.031      7.245      1.289         -891 
     A52N-H-S49HA    120.031      7.245      5.524         -762 
    A52N-H-S49HB2    120.031      7.245      3.230        -4863 
    A52N-H-S49HB3    120.031      7.245      3.823        -4104 
     A52N-H-P50HA    120.031      7.245      4.194         -896 
      A52N-H-L51H    120.031      7.245      6.438        -9765 
     A52N-H-L51HA    120.031      7.245      3.663        -6479 
    A52N-H-L51HB2    120.031      7.245     -0.386        -3024 
    A52N-H-L51HB3    120.031      7.245      0.886        -5807 
    A52N-H-L51HD1    120.031      7.245      0.559        -6054 
    A52N-H-L51HD2    120.031      7.245      0.213        -2125 
     A52N-H-L51HG    120.031      7.245      1.099        -2326 
         A52N-H-H    120.031      7.245      7.245       -68733 
        A52N-H-HA    120.031      7.245      3.621        -7669 
        A52N-H-HB    120.031      7.245      0.495       -16711 
      A52N-H-R53H    120.031      7.245      8.367        -7658 
    A52N-H-R53HB2    120.031      7.245      1.938        -1009 
      A52N-H-Q54H    120.031      7.245      7.495         -660 
      A52N-H-L55H    120.031      7.245      8.106         -561 
    A52N-H-L55HD1    120.031      7.245      0.643        -1697 
    A52N-H-F66HE2    120.031      7.245      6.953        -1932 
     A52N-H-F66HZ    120.031      7.245      6.625        -6658 
     R53N-H-A46HB    115.531      8.367      1.289        -5065 
      R53N-H-S49H    115.531      8.367      7.711         -751 
     R53N-H-P50HA    115.531      8.367      4.194        -3493 
      R53N-H-L51H    115.531      8.367      6.438        -1670 
     R53N-H-L51HA    115.531      8.367      3.663        -2831 
      R53N-H-A52H    115.531      8.367      7.245       -10164 
     R53N-H-A52HA    115.531      8.367      3.621        -3377 
     R53N-H-A52HB    115.531      8.367      0.495       -10574 
         R53N-H-H    115.531      8.367      8.367       -92987 
        R53N-H-HA    115.531      8.367      3.800        -8912 
       R53N-H-HB2    115.531      8.367      1.938       -13040 
       R53N-H-HB3    115.531      8.367      1.809       -16697 
       R53N-H-HD3    115.531      8.367      3.104        -2114 
       R53N-H-HG2    115.531      8.367      1.464        -3336 
       R53N-H-HG3    115.531      8.367      1.792       -16697 
      R53N-H-Q54H    115.531      8.367      7.495        -8112 
    R53N-H-Q54HG3    115.531      8.367      2.638         -774 
      R53N-H-L55H    115.531      8.367      8.106        -1820 
      R53N-H-F56H    115.531      8.367      7.872         -653 
    R53N-H-F56HD2    115.531      8.367      7.197        -3619 
     Q54N-H-P50HA    116.358      7.495      4.194        -1929 
      Q54N-H-L51H    116.358      7.495      6.438         -703 
     Q54N-H-L51HA    116.358      7.495      3.663        -4145 
    Q54N-H-L51HD1    116.358      7.495      0.559        -2354 
      Q54N-H-A52H    116.358      7.495      7.245        -2720 
     Q54N-H-A52HA    116.358      7.495      3.621        -3578 
     Q54N-H-A52HB    116.358      7.495      0.495        -1527 
      Q54N-H-R53H    116.358      7.495      8.367        -8110 
     Q54N-H-R53HA    116.358      7.495      3.800        -3396 
    Q54N-H-R53HB2    116.358      7.495      1.938        -7460 
    Q54N-H-R53HB3    116.358      7.495      1.809        -9118 
         Q54N-H-H    116.358      7.495      7.495       -96276 
        Q54N-H-HA    116.358      7.495      4.001       -10046 
       Q54N-H-HB2    116.358      7.495      2.076       -23013 
       Q54N-H-HB3    116.358      7.495      2.077       -23013 
       Q54N-H-HG2    116.358      7.495      2.539        -8614 
       Q54N-H-HG3    116.358      7.495      2.638        -8752 
      Q54N-H-L55H    116.358      7.495      8.106       -12066 
    Q54N-H-L55HB2    116.358      7.495      1.870        -5713 
     Q54N-H-L55HG    116.358      7.495      1.695        -1817 
      Q54N-H-F56H    116.358      7.495      7.872        -1644 
      Q54N-H-R57H    116.358      7.495      7.232        -2720 
    Q54N-H-T92HG2    116.358      7.495      1.043        -2768 
  Q54NE2-HE21-HB2    110.197      7.422      2.076        -2452 
  Q54NE2-HE21-HB3    110.197      7.422      2.077        -2452 
 Q54NE2-HE21-HE21    110.197      7.422      7.422      -139941 
 Q54NE2-HE21-HE22    110.197      7.422      6.871       -89979 
  Q54NE2-HE21-HG2    110.197      7.422      2.539        -3278 
  Q54NE2-HE21-HG3    110.197      7.422      2.638        -4929 
Q54NE2-HE21-F96HD1    110.197      7.422      6.616        -1338 
  Q54NE2-HE22-HB2    110.197      6.871      2.076        -1697 
  Q54NE2-HE22-HB3    110.197      6.871      2.077        -1697 
 Q54NE2-HE22-HE21    110.197      6.871      7.422       -99933 
 Q54NE2-HE22-HE22    110.197      6.871      6.871      -151381 
  Q54NE2-HE22-HG2    110.197      6.871      2.539        -2146 
  Q54NE2-HE22-HG3    110.197      6.871      2.638        -3105 
Q54NE2-HE22-F96HA    110.197      6.871      4.060         -740 
Q54NE2-HE22-F96HB2    110.197      6.871      3.252        -1382 
Q54NE2-HE22-F96HD1    110.197      6.871      6.616        -1760 
Q54NE2-HE22-L101HD1    110.197      6.871      0.858        -1137 
     L55N-H-L51HA    121.646      8.106      3.663        -4996 
    L55N-H-L51HD1    121.646      8.106      0.559        -4951 
     L55N-H-L51HG    121.646      8.106      1.099        -4010 
      L55N-H-A52H    121.646      8.106      7.245        -3361 
     L55N-H-A52HA    121.646      8.106      3.621        -6105 
     L55N-H-A52HB    121.646      8.106      0.495        -2296 
      L55N-H-R53H    121.646      8.106      8.367        -1438 
     L55N-H-R53HA    121.646      8.106      3.800         -913 
      L55N-H-Q54H    121.646      8.106      7.495       -10763 
     L55N-H-Q54HA    121.646      8.106      4.001       -10750 
    L55N-H-Q54HB2    121.646      8.106      2.076       -10167 
    L55N-H-Q54HB3    121.646      8.106      2.077       -10167 
    L55N-H-Q54HG3    121.646      8.106      2.638        -1442 
         L55N-H-H    121.646      8.106      8.106       -88858 
        L55N-H-HA    121.646      8.106      4.026       -10750 
       L55N-H-HB2    121.646      8.106      1.870       -13288 
       L55N-H-HB3    121.646      8.106      0.914        -9520 
       L55N-H-HD1    121.646      8.106      0.643        -8757 
       L55N-H-HD2    121.646      8.106      0.717        -9693 
        L55N-H-HG    121.646      8.106      1.695       -14699 
      L55N-H-F56H    121.646      8.106      7.872        -9523 
    L55N-H-F56HB2    121.646      8.106      3.197        -1260 
    L55N-H-F56HD2    121.646      8.106      7.197        -2281 
      L55N-H-R57H    121.646      8.106      7.232        -3361 
    L55N-H-V64HG2    121.646      8.106      0.295        -2467 
    L55N-H-T92HG2    121.646      8.106      1.043        -5742 
     F56N-H-A46HB    113.667      7.872      1.289        -1479 
     F56N-H-A52HA    113.667      7.872      3.621        -2016 
     F56N-H-A52HB    113.667      7.872      0.495        -1107 
      F56N-H-R53H    113.667      7.872      8.367         -627 
     F56N-H-R53HA    113.667      7.872      3.800        -3897 
      F56N-H-Q54H    113.667      7.872      7.495        -1747 
     F56N-H-Q54HA    113.667      7.872      4.001        -4506 
      F56N-H-L55H    113.667      7.872      8.106       -11156 
     F56N-H-L55HA    113.667      7.872      4.026        -4506 
    F56N-H-L55HB2    113.667      7.872      1.870        -7091 
    F56N-H-L55HB3    113.667      7.872      0.914        -4676 
    F56N-H-L55HD1    113.667      7.872      0.643        -2409 
    F56N-H-L55HD2    113.667      7.872      0.717        -2987 
     F56N-H-L55HG    113.667      7.872      1.695        -3304 
         F56N-H-H    113.667      7.872      7.872       -87342 
        F56N-H-HA    113.667      7.872      4.107        -9363 
       F56N-H-HB2    113.667      7.872      3.197       -10373 
       F56N-H-HB3    113.667      7.872      2.793       -15720 
       F56N-H-HD1    113.667      7.872      7.197       -11464 
       F56N-H-HD2    113.667      7.872      7.197       -11464 
      F56N-H-R57H    113.667      7.872      7.232       -14790 
    F56N-H-R57HB2    113.667      7.872      1.898        -6330 
    F56N-H-R57HG3    113.667      7.872      1.944        -4552 
      F56N-H-I58H    113.667      7.872      7.403        -1386 
    F56N-H-V61HG1    113.667      7.872      0.243        -2733 
    F56N-H-V64HG2    113.667      7.872      0.295        -2939 
     R57N-H-R53HA    116.822      7.232      3.800        -1488 
      R57N-H-Q54H    116.822      7.232      7.495        -2871 
     R57N-H-Q54HA    116.822      7.232      4.001        -7623 
      R57N-H-L55H    116.822      7.232      8.106        -2025 
     R57N-H-L55HA    116.822      7.232      4.026        -7623 
      R57N-H-F56H    116.822      7.232      7.872        -9687 
     R57N-H-F56HA    116.822      7.232      4.107        -5108 
    R57N-H-F56HB2    116.822      7.232      3.197        -6169 
    R57N-H-F56HB3    116.822      7.232      2.793        -3034 
         R57N-H-H    116.822      7.232      7.232      -136404 
        R57N-H-HA    116.822      7.232      4.211       -12418 
       R57N-H-HB2    116.822      7.232      1.898       -26075 
       R57N-H-HB3    116.822      7.232      2.051       -12073 
       R57N-H-HD2    116.822      7.232      3.208        -6294 
       R57N-H-HD3    116.822      7.232      3.208        -6294 
       R57N-H-HG2    116.822      7.232      1.713       -11880 
       R57N-H-HG3    116.822      7.232      1.944       -25433 
      R57N-H-I58H    116.822      7.232      7.403       -17901 
     I58N-H-L55HA    122.998      7.403      4.026        -3574 
      I58N-H-F56H    122.998      7.403      7.872        -1383 
     I58N-H-F56HA    122.998      7.403      4.107        -4258 
      I58N-H-R57H    122.998      7.403      7.232       -16418 
     I58N-H-R57HA    122.998      7.403      4.211        -4937 
    I58N-H-R57HB2    122.998      7.403      1.898        -5208 
    I58N-H-R57HB3    122.998      7.403      2.051        -6361 
    I58N-H-R57HG3    122.998      7.403      1.944        -5067 
         I58N-H-H    122.998      7.403      7.403      -105146 
        I58N-H-HA    122.998      7.403      3.859        -8975 
        I58N-H-HB    122.998      7.403      2.122       -23867 
       I58N-H-HD1    122.998      7.403      0.774       -14760 
      I58N-H-HG12    122.998      7.403      1.720       -15874 
      I58N-H-HG13    122.998      7.403      0.911       -13227 
       I58N-H-HG2    122.998      7.403      0.870       -13953 
      I58N-H-E59H    122.998      7.403      8.480        -2719 
     I58N-H-V61HB    122.998      7.403      2.149       -19759 
    I58N-H-V61HG1    122.998      7.403      0.243        -1655 
    I58N-H-V61HG2    122.998      7.403      0.760       -14760 
      E59N-H-I58H    129.678      8.480      7.403        -2875 
     E59N-H-I58HA    129.678      8.480      3.859       -42371 
     E59N-H-I58HB    129.678      8.480      2.122        -2448 
    E59N-H-I58HG2    129.678      8.480      0.870       -16074 
         E59N-H-H    129.678      8.480      8.480      -130861 
        E59N-H-HA    129.678      8.480      3.990       -12824 
       E59N-H-HB2    129.678      8.480      1.941       -28765 
       E59N-H-HB3    129.678      8.480      1.990       -34834 
       E59N-H-HG2    129.678      8.480      2.293        -8450 
       E59N-H-HG3    129.678      8.480      2.233        -6851 
      E59N-H-G60H    129.678      8.480      8.682        -2812 
    G60N-H-I58HG2    112.584      8.682      0.870        -2968 
      G60N-H-E59H    112.584      8.682      8.480        -2580 
     G60N-H-E59HA    112.584      8.682      3.990       -42109 
    G60N-H-E59HB2    112.584      8.682      1.941        -7896 
    G60N-H-E59HB3    112.584      8.682      1.990        -7265 
         G60N-H-H    112.584      8.682      8.682       -96838 
       G60N-H-HA2    112.584      8.682      3.528       -15907 
       G60N-H-HA3    112.584      8.682      4.423       -11897 
      G60N-H-V61H    112.584      8.682      7.737       -16475 
     G60N-H-V61HB    112.584      8.682      2.149        -3583 
    G60N-H-V61HG2    112.584      8.682      0.760        -3071 
    G60N-H-L80HD1    112.584      8.682      0.953        -2292 
    G60N-H-L85HD2    112.584      8.682      0.789        -3077 
     V61N-H-I58HB    120.899      7.737      2.122       -27199 
    V61N-H-I58HG2    120.899      7.737      0.870        -5535 
     V61N-H-E59HA    120.899      7.737      3.990        -7555 
      V61N-H-G60H    120.899      7.737      8.682       -19037 
    V61N-H-G60HA2    120.899      7.737      3.528        -6457 
    V61N-H-G60HA3    120.899      7.737      4.423        -5944 
         V61N-H-H    120.899      7.737      7.737      -145723 
        V61N-H-HA    120.899      7.737      3.604        -9746 
        V61N-H-HB    120.899      7.737      2.149       -32674 
       V61N-H-HG1    120.899      7.737      0.243        -8275 
       V61N-H-HG2    120.899      7.737      0.760       -26580 
      V61N-H-K62H    120.899      7.737      9.311        -2416 
    V61N-H-L80HD1    120.899      7.737      0.953        -2142 
    V61N-H-L85HD2    120.899      7.737      0.789       -24396 
      K62N-H-V61H    130.818      9.311      7.737       -13300 
     K62N-H-V61HA    130.818      9.311      3.604       -21208 
     K62N-H-V61HB    130.818      9.311      2.149        -1866 
    K62N-H-V61HG1    130.818      9.311      0.243        -7301 
    K62N-H-V61HG2    130.818      9.311      0.760        -5192 
         K62N-H-H    130.818      9.311      9.311       -42183 
        K62N-H-HA    130.818      9.311      4.514        -5220 
       K62N-H-HB2    130.818      9.311      1.426       -10971 
       K62N-H-HB3    130.818      9.311      1.345        -6310 
       K62N-H-HG2    130.818      9.311      1.556        -3662 
       K62N-H-HG3    130.818      9.311      1.416       -10971 
      K62N-H-S63H    130.818      9.311      7.713       -13050 
    K62N-H-V73HG1    130.818      9.311      1.156        -2071 
      K62N-H-T74H    130.818      9.311      8.774        -1081 
     K62N-H-T74HB    130.818      9.311      4.106        -1535 
    K62N-H-T74HG2    130.818      9.311      1.198        -2797 
      K62N-H-K75H    130.818      9.311      9.472         -686 
     K62N-H-K75HA    130.818      9.311      5.299        -7756 
      K62N-H-E76H    130.818      9.311      8.268        -2401 
     K62N-H-E76HA    130.818      9.311      3.779        -1598 
    K62N-H-E76HG2    130.818      9.311      2.185        -1921 
    S63N-H-F56HE1    108.104      7.713      7.002        -1313 
     S63N-H-V61HA    108.104      7.713      3.604        -5841 
    S63N-H-V61HG1    108.104      7.713      0.243       -10652 
    S63N-H-V61HG2    108.104      7.713      0.760        -2184 
      S63N-H-K62H    108.104      7.713      9.311       -18682 
     S63N-H-K62HA    108.104      7.713      4.514        -4118 
    S63N-H-K62HB2    108.104      7.713      1.426       -11838 
    S63N-H-K62HB3    108.104      7.713      1.345        -5245 
    S63N-H-K62HG3    108.104      7.713      1.416       -11838 
         S63N-H-H    108.104      7.713      7.713      -105094 
        S63N-H-HA    108.104      7.713      4.986        -6756 
       S63N-H-HB2    108.104      7.713      3.939        -2833 
       S63N-H-HB3    108.104      7.713      4.085       -10773 
      S63N-H-V64H    108.104      7.713      7.967        -1569 
     S63N-H-V64HA    108.104      7.713      4.760        -1796 
    S63N-H-V64HG2    108.104      7.713      0.295        -6987 
    S63N-H-V73HG1    108.104      7.713      1.156        -3807 
      S63N-H-T74H    108.104      7.713      8.774        -6548 
     S63N-H-T74HB    108.104      7.713      4.106       -10773 
    S63N-H-T74HG2    108.104      7.713      1.198        -6240 
     S63N-H-K75HA    108.104      7.713      5.299        -2511 
      V64N-H-F40H    119.063      7.967      8.836        -2423 
    V64N-H-F40HB2    119.063      7.967      3.518        -4512 
    V64N-H-F40HB3    119.063      7.967      2.670        -3393 
     V64N-H-P41HA    119.063      7.967      4.620        -3552 
    V64N-H-F56HE1    119.063      7.967      7.002        -3521 
    V64N-H-F56HE2    119.063      7.967      7.002        -3521 
     V64N-H-F56HZ    119.063      7.967      7.198        -5118 
    V64N-H-V61HG1    119.063      7.967      0.243        -2808 
      V64N-H-S63H    119.063      7.967      7.713        -1370 
     V64N-H-S63HA    119.063      7.967      4.986       -15657 
    V64N-H-S63HB2    119.063      7.967      3.939        -8270 
    V64N-H-S63HB3    119.063      7.967      4.085        -7785 
         V64N-H-H    119.063      7.967      7.967       -98890 
        V64N-H-HA    119.063      7.967      4.760        -4098 
        V64N-H-HB    119.063      7.967      1.675        -7216 
       V64N-H-HG1    119.063      7.967      0.728        -3531 
       V64N-H-HG2    119.063      7.967      0.295        -6335 
      V64N-H-F65H    119.063      7.967      9.082        -3270 
      F65N-H-V64H    126.034      9.082      7.967        -1101 
     F65N-H-V64HA    126.034      9.082      4.760       -13758 
     F65N-H-V64HB    126.034      9.082      1.675        -1409 
    F65N-H-V64HG1    126.034      9.082      0.728        -8621 
    F65N-H-V64HG2    126.034      9.082      0.295        -2586 
         F65N-H-H    126.034      9.082      9.082       -47976 
        F65N-H-HA    126.034      9.082      5.350        -3070 
       F65N-H-HB2    126.034      9.082      3.232        -3897 
       F65N-H-HB3    126.034      9.082      3.037        -5285 
       F65N-H-HD2    126.034      9.082      7.254        -1669 
      F65N-H-F66H    126.034      9.082      9.313        -1262 
     F65N-H-F66HA    126.034      9.082      5.507         -601 
    F65N-H-I71HG2    126.034      9.082      0.942        -3503 
      F65N-H-T72H    126.034      9.082     10.252        -3812 
     F65N-H-T72HB    126.034      9.082      4.281        -2650 
    F65N-H-T72HG2    126.034      9.082      1.086        -1435 
     F65N-H-V73HA    126.034      9.082      4.719        -7983 
    F65N-H-V73HG2    126.034      9.082      0.944        -3503 
    F66N-H-L33HD1    127.185      9.313      0.852        -1143 
      F66N-H-M38H    127.185      9.313      8.376        -3559 
    F66N-H-M38HB2    127.185      9.313      1.633        -1466 
     F66N-H-D39HA    127.185      9.313      5.042        -2369 
    F66N-H-F40HD2    127.185      9.313      6.671         -882 
    F66N-H-V64HG1    127.185      9.313      0.728        -1179 
      F66N-H-F65H    127.185      9.313      9.082         -771 
     F66N-H-F65HA    127.185      9.313      5.350       -12105 
    F66N-H-F65HB2    127.185      9.313      3.232        -4926 
    F66N-H-F65HB3    127.185      9.313      3.037        -1105 
    F66N-H-F65HD1    127.185      9.313      7.254        -1800 
         F66N-H-H    127.185      9.313      9.313       -40953 
        F66N-H-HA    127.185      9.313      5.507        -2597 
       F66N-H-HB2    127.185      9.313      3.205        -4043 
       F66N-H-HB3    127.185      9.313      3.336        -5443 
       F66N-H-HD1    127.185      9.313      7.148        -1749 
      F66N-H-G67H    127.185      9.313      8.558         -680 
    G67N-H-V32HG2    109.194      8.558      0.680        -5310 
    G67N-H-L33HB2    109.194      8.558      1.648        -1458 
    G67N-H-L33HD1    109.194      8.558      0.852        -1259 
    G67N-H-F65HD2    109.194      8.558      7.254        -2785 
      G67N-H-F66H    109.194      8.558      9.313        -1252 
     G67N-H-F66HA    109.194      8.558      5.507       -18166 
    G67N-H-F66HB2    109.194      8.558      3.205        -3071 
    G67N-H-F66HB3    109.194      8.558      3.336        -2121 
         G67N-H-H    109.194      8.558      8.558       -54983 
       G67N-H-HA2    109.194      8.558      3.886        -7326 
       G67N-H-HA3    109.194      8.558      4.742        -5282 
      G67N-H-S70H    109.194      8.558      7.226        -3707 
     G67N-H-I71HA    109.194      8.558      5.168        -3272 
   G67N-H-I71HG12    109.194      8.558      1.563        -1318 
      G67N-H-T72H    109.194      8.558     10.252        -1090 
      S70N-H-V32H    109.416      7.226      7.872        -1854 
    S70N-H-V32HG1    109.416      7.226      0.682       -11056 
    S70N-H-V32HG2    109.416      7.226      0.680       -11056 
      S70N-H-L33H    109.416      7.226      7.566        -4211 
      S70N-H-G67H    109.416      7.226      8.558        -3757 
    S70N-H-G67HA3    109.416      7.226      4.742        -8186 
     S70N-H-D69HA    109.416      7.226      4.704        -5760 
    S70N-H-D69HB2    109.416      7.226      2.924        -1035 
    S70N-H-D69HB3    109.416      7.226      2.606         -886 
         S70N-H-H    109.416      7.226      7.226      -102044 
        S70N-H-HA    109.416      7.226      5.098        -5586 
       S70N-H-HB2    109.416      7.226      3.614        -2068 
       S70N-H-HB3    109.416      7.226      3.901        -5496 
      S70N-H-I71H    109.416      7.226      9.191        -1841 
     S70N-H-I71HA    109.416      7.226      5.168        -2210 
     I71N-H-K25HA    120.092      9.191      4.847        -1713 
    I71N-H-K25HG3    120.092      9.191      1.199        -1180 
      I71N-H-F26H    120.092      9.191      9.629        -2926 
    I71N-H-F26HB2    120.092      9.191      2.442         -901 
      I71N-H-I27H    120.092      9.191      9.301        -2854 
     I71N-H-I27HA    120.092      9.191      4.694        -1601 
    I71N-H-P28HD2    120.092      9.191      3.872        -4263 
    I71N-H-P28HD3    120.092      9.191      4.134        -1104 
    I71N-H-V32HG2    120.092      9.191      0.680        -4530 
      I71N-H-S70H    120.092      9.191      7.226         -982 
     I71N-H-S70HA    120.092      9.191      5.098       -10080 
    I71N-H-S70HB2    120.092      9.191      3.614        -5125 
    I71N-H-S70HB3    120.092      9.191      3.901        -4592 
         I71N-H-H    120.092      9.191      9.191       -34281 
        I71N-H-HA    120.092      9.191      5.168        -5253 
        I71N-H-HB    120.092      9.191      1.761        -5742 
       I71N-H-HD1    120.092      9.191      0.703        -4790 
      I71N-H-HG12    120.092      9.191      1.563        -3417 
      I71N-H-HG13    120.092      9.191      0.979        -3633 
       I71N-H-HG2    120.092      9.191      0.942        -4366 
      I71N-H-T72H    120.092      9.191     10.252         -807 
     I71N-H-T72HA    120.092      9.191      5.593         -679 
     T72N-H-K25HA    125.574     10.252      4.847        -1202 
      T72N-H-F26H    125.574     10.252      9.629         -480 
    T72N-H-V64HG1    125.574     10.252      0.728        -1815 
      T72N-H-F65H    125.574     10.252      9.082        -3000 
    T72N-H-F65HB3    125.574     10.252      3.037        -1940 
    T72N-H-F65HD2    125.574     10.252      7.254        -1526 
     T72N-H-F66HA    125.574     10.252      5.507        -1927 
      T72N-H-G67H    125.574     10.252      8.558         -561 
      T72N-H-I71H    125.574     10.252      9.191        -1250 
     T72N-H-I71HA    125.574     10.252      5.168       -11179 
     T72N-H-I71HB    125.574     10.252      1.761         -879 
   T72N-H-I71HG12    125.574     10.252      1.563        -1184 
    T72N-H-I71HG2    125.574     10.252      0.942        -6514 
         T72N-H-H    125.574     10.252     10.252       -36828 
        T72N-H-HA    125.574     10.252      5.593        -2908 
        T72N-H-HB    125.574     10.252      4.281        -5062 
       T72N-H-HG2    125.574     10.252      1.086        -2241 
      T72N-H-V73H    125.574     10.252      9.241        -1269 
    T72N-H-V73HG2    125.574     10.252      0.944        -6514 
     V73N-H-S23HA    129.570      9.241      6.167         -946 
      V73N-H-L24H    129.570      9.241      8.732        -4617 
    V73N-H-L24HB3    129.570      9.241      0.174         -554 
     V73N-H-K25HA    129.570      9.241      4.847        -3883 
      V73N-H-F26H    129.570      9.241      9.629        -1368 
    V73N-H-I71HG2    129.570      9.241      0.942        -8385 
      V73N-H-T72H    129.570      9.241     10.252        -1105 
     V73N-H-T72HA    129.570      9.241      5.593       -16954 
     V73N-H-T72HB    129.570      9.241      4.281        -1092 
    V73N-H-T72HG2    129.570      9.241      1.086       -10511 
         V73N-H-H    129.570      9.241      9.241       -49927 
        V73N-H-HA    129.570      9.241      4.719        -3554 
        V73N-H-HB    129.570      9.241      2.313        -7391 
       V73N-H-HG1    129.570      9.241      1.156        -6828 
       V73N-H-HG2    129.570      9.241      0.944        -8385 
      V73N-H-T74H    129.570      9.241      8.774        -4282 
    V73N-H-W82HH2    129.570      9.241      7.191        -3175 
     T74N-H-S23HA    124.393      8.774      6.167         -765 
    T74N-H-V61HG1    124.393      8.774      0.243        -2991 
      T74N-H-K62H    124.393      8.774      9.311        -1827 
      T74N-H-S63H    124.393      8.774      7.713        -6156 
     T74N-H-V64HA    124.393      8.774      4.760       -15451 
    T74N-H-V64HG2    124.393      8.774      0.295        -2920 
      T74N-H-V73H    124.393      8.774      9.241        -1408 
     T74N-H-V73HA    124.393      8.774      4.719       -18206 
     T74N-H-V73HB    124.393      8.774      2.313        -1487 
    T74N-H-V73HG1    124.393      8.774      1.156       -12033 
    T74N-H-V73HG2    124.393      8.774      0.944        -4377 
         T74N-H-H    124.393      8.774      8.774       -58748 
        T74N-H-HA    124.393      8.774      5.839        -3056 
        T74N-H-HB    124.393      8.774      4.106        -9217 
       T74N-H-HG2    124.393      8.774      1.198       -11477 
      T74N-H-K75H    124.393      8.774      9.472        -1185 
    T74N-H-W82HH2    124.393      8.774      7.191         -826 
     K75N-H-N22HA    126.207      9.472      4.881        -1264 
    K75N-H-N22HB3    126.207      9.472      2.736        -1339 
     K75N-H-S23HA    126.207      9.472      6.167        -2643 
      K75N-H-K62H    126.207      9.472      9.311         -980 
    K75N-H-K62HB3    126.207      9.472      1.345         -303 
    K75N-H-V73HG1    126.207      9.472      1.156        -3699 
      K75N-H-T74H    126.207      9.472      8.774        -1380 
     K75N-H-T74HA    126.207      9.472      5.839       -10791 
     K75N-H-T74HB    126.207      9.472      4.106        -1167 
    K75N-H-T74HG2    126.207      9.472      1.198        -8147 
         K75N-H-H    126.207      9.472      9.472       -27798 
        K75N-H-HA    126.207      9.472      5.299        -2689 
       K75N-H-HB2    126.207      9.472      1.533        -2222 
       K75N-H-HB3    126.207      9.472      0.811        -3424 
       K75N-H-HD2    126.207      9.472     -0.917        -1088 
       K75N-H-HD3    126.207      9.472      0.714        -1188 
       K75N-H-HG2    126.207      9.472      1.010        -9138 
       K75N-H-HG3    126.207      9.472      1.010        -9138 
      K75N-H-E76H    126.207      9.472      8.268        -1211 
    K75N-H-W82HH2    126.207      9.472      7.191        -2078 
    K75N-H-W82HZ2    126.207      9.472      7.353        -1965 
    E76N-H-G60HA2    117.065      8.268      3.528        -2566 
    E76N-H-G60HA3    117.065      8.268      4.423        -1766 
     E76N-H-V61HA    117.065      8.268      3.604        -4235 
      E76N-H-K62H    117.065      8.268      9.311        -4011 
    E76N-H-K62HB2    117.065      8.268      1.426        -4775 
    E76N-H-K62HB3    117.065      8.268      1.345        -3921 
      E76N-H-K75H    117.065      8.268      9.472        -1471 
     E76N-H-K75HA    117.065      8.268      5.299       -19756 
    E76N-H-K75HB2    117.065      8.268      1.533        -9686 
    E76N-H-K75HB3    117.065      8.268      0.811        -7570 
    E76N-H-K75HG2    117.065      8.268      1.010        -6008 
    E76N-H-K75HG3    117.065      8.268      1.010        -6008 
         E76N-H-H    117.065      8.268      8.268       -84543 
        E76N-H-HA    117.065      8.268      3.779        -9920 
       E76N-H-HB2    117.065      8.268      1.897       -27538 
       E76N-H-HB3    117.065      8.268      1.895       -27538 
       E76N-H-HG2    117.065      8.268      2.185        -8690 
       E76N-H-HG3    117.065      8.268      2.186        -8690 
      E76N-H-N77H    117.065      8.268      7.040        -5250 
    E76N-H-L80HB2    117.065      8.268      1.418        -4775 
    E76N-H-L80HD1    117.065      8.268      0.953        -7597 
    E76N-H-L85HD2    117.065      8.268      0.789        -6615 
     N77N-H-K75HA    108.144      7.040      5.299        -1750 
    N77N-H-K75HB2    108.144      7.040      1.533        -3555 
    N77N-H-K75HG3    108.144      7.040      1.010        -9069 
      N77N-H-E76H    108.144      7.040      8.268        -6795 
     N77N-H-E76HA    108.144      7.040      3.779        -4269 
    N77N-H-E76HB2    108.144      7.040      1.897       -12873 
    N77N-H-E76HB3    108.144      7.040      1.895       -12873 
    N77N-H-E76HG3    108.144      7.040      2.186        -3845 
         N77N-H-H    108.144      7.040      7.040      -103397 
        N77N-H-HA    108.144      7.040      4.682        -6475 
       N77N-H-HB2    108.144      7.040      2.908        -3047 
       N77N-H-HB3    108.144      7.040      3.038        -3005 
      N77N-H-HD22    108.144      7.040      6.805        -1492 
      N77N-H-E79H    108.144      7.040      8.370        -1177 
      N77N-H-L80H    108.144      7.040      7.042      -103397 
    N77N-H-L80HB2    108.144      7.040      1.418        -2971 
    N77N-H-L80HD1    108.144      7.040      0.953       -10438 
     N77N-H-L80HG    108.144      7.040      1.505        -3193 
   N77ND2-HD21-HA    113.737      7.643      4.682        -1888 
  N77ND2-HD21-HB2    113.737      7.643      2.908        -5383 
  N77ND2-HD21-HB3    113.737      7.643      3.038        -8275 
 N77ND2-HD21-HD21    113.737      7.643      7.643       -96636 
 N77ND2-HD21-HD22    113.737      7.643      6.805       -72995 
    N77ND2-HD22-H    113.737      6.805      7.040        -2254 
  N77ND2-HD22-HB2    113.737      6.805      2.908        -3035 
  N77ND2-HD22-HB3    113.737      6.805      3.038        -5436 
 N77ND2-HD22-HD21    113.737      6.805      7.643       -78511 
 N77ND2-HD22-HD22    113.737      6.805      6.805      -137367 
N77ND2-HD22-L80HD1    113.737      6.805      0.953        -2518 
N77ND2-HD22-L80HG    113.737      6.805      1.505        -1872 
      E79N-H-N77H    117.872      8.370      7.040       -20225 
     E79N-H-N77HA    117.872      8.370      4.682        -2103 
    E79N-H-N77HB2    117.872      8.370      2.908        -3038 
    E79N-H-N77HB3    117.872      8.370      3.038        -1761 
     E79N-H-E78HA    117.872      8.370      4.022       -17066 
    E79N-H-E78HB2    117.872      8.370      2.066       -11834 
    E79N-H-E78HB3    117.872      8.370      2.067       -11834 
         E79N-H-H    117.872      8.370      8.370      -110210 
        E79N-H-HA    117.872      8.370      4.003       -17066 
       E79N-H-HB2    117.872      8.370      2.010       -17585 
       E79N-H-HB3    117.872      8.370      1.935       -21567 
       E79N-H-HG2    117.872      8.370      2.229       -13927 
       E79N-H-HG3    117.872      8.370      2.230       -13927 
      E79N-H-L80H    117.872      8.370      7.042       -20225 
    E79N-H-L80HB2    117.872      8.370      1.418        -1866 
     E79N-H-L80HG    117.872      8.370      1.505        -1677 
    L80N-H-K75HD2    120.646      7.042     -0.917          -38 
    L80N-H-K75HG3    120.646      7.042      1.010        -2748 
      L80N-H-N77H    120.646      7.042      7.040      -164185 
    L80N-H-N77HB2    120.646      7.042      2.908         -879 
     L80N-H-E78HA    120.646      7.042      4.022        -9507 
      L80N-H-E79H    120.646      7.042      8.370       -17780 
     L80N-H-E79HA    120.646      7.042      4.003        -9507 
    L80N-H-E79HB2    120.646      7.042      2.010        -6614 
    L80N-H-E79HB3    120.646      7.042      1.935        -7770 
         L80N-H-H    120.646      7.042      7.042      -164185 
        L80N-H-HA    120.646      7.042      4.205       -12029 
       L80N-H-HB2    120.646      7.042      1.418       -19949 
       L80N-H-HB3    120.646      7.042      1.295       -15243 
       L80N-H-HD1    120.646      7.042      0.953        -5127 
       L80N-H-HD2    120.646      7.042      0.876        -4745 
        L80N-H-HG    120.646      7.042      1.505       -13693 
      L80N-H-D81H    120.646      7.042      8.479        -3205 
      D81N-H-L80H    126.651      8.479      7.042        -2771 
     D81N-H-L80HA    126.651      8.479      4.205       -34085 
    D81N-H-L80HB2    126.651      8.479      1.418        -2686 
    D81N-H-L80HB3    126.651      8.479      1.295        -4236 
    D81N-H-L80HD2    126.651      8.479      0.876        -4460 
         D81N-H-H    126.651      8.479      8.479       -70627 
        D81N-H-HA    126.651      8.479      4.567        -6459 
       D81N-H-HB2    126.651      8.479      2.833       -15500 
       D81N-H-HB3    126.651      8.479      2.704       -16292 
      D81N-H-W82H    126.651      8.479      9.372        -1217 
    D81N-H-L84HB2    126.651      8.479      1.727        -2612 
    D81N-H-L84HD1    126.651      8.479      1.031        -5526 
     D81N-H-L84HG    126.651      8.479      1.705        -2612 
    D81N-H-L85HD1    126.651      8.479      0.611         -786 
      W82N-H-D81H    126.943      9.372      8.479        -1179 
     W82N-H-D81HA    126.943      9.372      4.567       -13291 
    W82N-H-D81HB2    126.943      9.372      2.833        -1227 
    W82N-H-D81HB3    126.943      9.372      2.704        -1622 
         W82N-H-H    126.943      9.372      9.372       -15602 
        W82N-H-HA    126.943      9.372      4.597       -14602 
       W82N-H-HB2    126.943      9.372      3.343        -4540 
       W82N-H-HB3    126.943      9.372      3.195        -3498 
       W82N-H-HD1    126.943      9.372      7.534        -1867 
      W82N-H-N83H    126.943      9.372      9.661        -1720 
      W82N-H-L84H    126.943      9.372      7.784         -709 
    W82N-H-L85HD1    126.943      9.372      0.611           31 
 W82NE1-HE1-N22HA    127.196      9.809      4.881        -3060 
  W82NE1-HE1-S23H    127.196      9.809      8.555        -1093 
 W82NE1-HE1-S23HA    127.196      9.809      6.167         -714 
  W82NE1-HE1-L24H    127.196      9.809      8.732        -1042 
 W82NE1-HE1-L24HA    127.196      9.809      4.462         -342 
W82NE1-HE1-L24HB2    127.196      9.809      0.413        -1694 
W82NE1-HE1-L24HB3    127.196      9.809      0.174        -1117 
W82NE1-HE1-L24HD1    127.196      9.809     -0.029        -1885 
W82NE1-HE1-L24HD2    127.196      9.809      0.029        -1895 
W82NE1-HE1-K75HE2    127.196      9.809      2.350        -3656 
W82NE1-HE1-K75HE3    127.196      9.809      2.076        -2845 
   W82NE1-HE1-HB2    127.196      9.809      3.343         -774 
   W82NE1-HE1-HD1    127.196      9.809      7.534       -14783 
   W82NE1-HE1-HE1    127.196      9.809      9.809       -70828 
   W82NE1-HE1-HH2    127.196      9.809      7.191        -1390 
   W82NE1-HE1-HZ2    127.196      9.809      7.353        -6086 
     N83N-H-D81HA    117.045      9.661      4.567        -5035 
    N83N-H-D81HB2    117.045      9.661      2.833        -2199 
    N83N-H-D81HB3    117.045      9.661      2.704        -1332 
      N83N-H-W82H    117.045      9.661      9.372        -1889 
     N83N-H-W82HA    117.045      9.661      4.597        -5098 
    N83N-H-W82HB2    117.045      9.661      3.343         -999 
    N83N-H-W82HB3    117.045      9.661      3.195         -705 
         N83N-H-H    117.045      9.661      9.661        -8295 
        N83N-H-HA    117.045      9.661      4.567        -5035 
       N83N-H-HB2    117.045      9.661      2.956        -4958 
       N83N-H-HB3    117.045      9.661      2.772        -4441 
      N83N-H-HD21    117.045      9.661      8.068        -1226 
      N83N-H-L84H    117.045      9.661      7.784        -4154 
     N83N-H-L84HG    117.045      9.661      1.705         -993 
      N83N-H-L85H    117.045      9.661      7.417         -951 
    N83N-H-L85HD1    117.045      9.661      0.611          256 
      N83N-H-K86H    117.045      9.661      8.659         -836 
    N83ND2-HD21-H    114.740      8.068      9.661        -1403 
   N83ND2-HD21-HA    114.740      8.068      4.567        -1426 
  N83ND2-HD21-HB2    114.740      8.068      2.956        -5126 
  N83ND2-HD21-HB3    114.740      8.068      2.772        -3756 
 N83ND2-HD21-HD21    114.740      8.068      8.068       -29607 
 N83ND2-HD21-HD22    114.740      8.068      7.107       -23883 
   N83ND2-HD22-HA    114.740      7.107      4.567        -1321 
  N83ND2-HD22-HB2    114.740      7.107      2.956        -3158 
  N83ND2-HD22-HB3    114.740      7.107      2.772        -2210 
 N83ND2-HD22-HD21    114.740      7.107      8.068       -25421 
 N83ND2-HD22-HD22    114.740      7.107      7.107       -31908 
    L84N-H-D81HB3    117.468      7.784      2.704        -2965 
      L84N-H-W82H    117.468      7.784      9.372        -1032 
     L84N-H-W82HA    117.468      7.784      4.597        -6975 
      L84N-H-N83H    117.468      7.784      9.661        -3612 
     L84N-H-N83HA    117.468      7.784      4.567        -6183 
    L84N-H-N83HB2    117.468      7.784      2.956        -3636 
    L84N-H-N83HB3    117.468      7.784      2.772        -5236 
         L84N-H-H    117.468      7.784      7.784      -104504 
        L84N-H-HA    117.468      7.784      4.405       -10315 
       L84N-H-HB2    117.468      7.784      1.727       -25306 
       L84N-H-HB3    117.468      7.784      1.947       -20342 
       L84N-H-HD1    117.468      7.784      1.031        -4761 
       L84N-H-HD2    117.468      7.784      0.916        -5234 
        L84N-H-HG    117.468      7.784      1.705       -25306 
      L84N-H-L85H    117.468      7.784      7.417       -21954 
    L84N-H-L85HB2    117.468      7.784      1.666       -11431 
    L84N-H-L85HD1    117.468      7.784      0.611        -1621 
      L84N-H-K86H    117.468      7.784      8.659        -3036 
     L85N-H-W82HA    119.164      7.417      4.597       -12639 
    L85N-H-W82HE3    119.164      7.417      7.658        -2287 
      L85N-H-N83H    119.164      7.417      9.661        -1015 
     L85N-H-N83HA    119.164      7.417      4.567        -8747 
      L85N-H-L84H    119.164      7.417      7.784       -20565 
     L85N-H-L84HA    119.164      7.417      4.405        -4593 
    L85N-H-L84HB2    119.164      7.417      1.727       -19745 
    L85N-H-L84HB3    119.164      7.417      1.947       -17200 
    L85N-H-L84HD1    119.164      7.417      1.031        -1568 
    L85N-H-L84HD2    119.164      7.417      0.916        -3293 
     L85N-H-L84HG    119.164      7.417      1.705       -19745 
         L85N-H-H    119.164      7.417      7.417       -91200 
        L85N-H-HA    119.164      7.417      4.604       -12597 
       L85N-H-HB2    119.164      7.417      1.666       -18480 
       L85N-H-HB3    119.164      7.417      1.894       -14524 
       L85N-H-HD1    119.164      7.417      0.611        -5626 
       L85N-H-HD2    119.164      7.417      0.789        -4167 
        L85N-H-HG    119.164      7.417      1.678       -22440 
      L85N-H-K86H    119.164      7.417      8.659       -18261 
    L85N-H-K86HB2    119.164      7.417      1.756       -12719 
    L85N-H-P87HD2    119.164      7.417      3.657        -1940 
     K86N-H-W82HA    116.742      8.659      4.597        -6798 
    K86N-H-W82HB3    116.742      8.659      3.195         -736 
    K86N-H-W82HE3    116.742      8.659      7.658        -1638 
      K86N-H-N83H    116.742      8.659      9.661         -284 
     K86N-H-N83HA    116.742      8.659      4.567        -5352 
      K86N-H-L84H    116.742      8.659      7.784        -2883 
     K86N-H-L84HA    116.742      8.659      4.405        -1178 
      K86N-H-L85H    116.742      8.659      7.417       -15280 
     K86N-H-L85HA    116.742      8.659      4.604        -6095 
    K86N-H-L85HB2    116.742      8.659      1.666        -6850 
    K86N-H-L85HB3    116.742      8.659      1.894        -7079 
    K86N-H-L85HD1    116.742      8.659      0.611        -1685 
         K86N-H-H    116.742      8.659      8.659       -58112 
        K86N-H-HA    116.742      8.659      3.804        -6055 
       K86N-H-HB2    116.742      8.659      1.756        -9074 
       K86N-H-HB3    116.742      8.659      1.962       -18216 
       K86N-H-HD2    116.742      8.659      1.706        -9785 
       K86N-H-HG2    116.742      8.659      1.252        -3236 
       K86N-H-HG3    116.742      8.659      1.962       -18216 
    K86N-H-P87HD2    116.742      8.659      3.657        -5607 
    K86N-H-P87HD3    116.742      8.659      3.449        -4742 
      K86N-H-D88H    116.742      8.659      7.457       -10930 
      K86N-H-I89H    116.742      8.659      8.154         -337 
    K86N-H-I89HD1    116.742      8.659      0.861        -2616 
   K86N-H-I89HG13    116.742      8.659      0.582         -964 
    D88N-H-I58HD1    116.681      7.457      0.774        -2924 
     D88N-H-L85HA    116.681      7.457      4.604       -10389 
      D88N-H-K86H    116.681      7.457      8.659         -792 
     D88N-H-K86HA    116.681      7.457      3.804        -1040 
     D88N-H-P87HA    116.681      7.457      4.287        -2482 
    D88N-H-P87HB2    116.681      7.457      1.914        -9374 
    D88N-H-P87HB3    116.681      7.457      2.360        -4097 
    D88N-H-P87HD2    116.681      7.457      3.657        -2775 
    D88N-H-P87HD3    116.681      7.457      3.449        -5189 
    D88N-H-P87HG2    116.681      7.457      1.970        -7507 
    D88N-H-P87HG3    116.681      7.457      2.184        -2761 
         D88N-H-H    116.681      7.457      7.457       -94292 
        D88N-H-HA    116.681      7.457      4.617       -10389 
       D88N-H-HB2    116.681      7.457      2.679       -14501 
       D88N-H-HB3    116.681      7.457      2.591       -10240 
      D88N-H-I89H    116.681      7.457      8.154       -10232 
     D88N-H-I89HB    116.681      7.457      1.452        -1554 
   D88N-H-I89HG13    116.681      7.457      0.582        -1152 
      D88N-H-Y90H    116.681      7.457      9.052        -1407 
      D88N-H-A91H    116.681      7.457      7.947         -884 
     D88N-H-A91HB    116.681      7.457      1.561        -1626 
    I89N-H-I58HD1    124.521      8.154      0.774        -5470 
    I89N-H-I58HG2    124.521      8.154      0.870        -7669 
     I89N-H-L85HA    124.521      8.154      4.604        -3015 
    I89N-H-L85HB3    124.521      8.154      1.894        -6094 
      I89N-H-K86H    124.521      8.154      8.659         -713 
     I89N-H-K86HA    124.521      8.154      3.804        -2978 
     I89N-H-P87HA    124.521      8.154      4.287         -878 
    I89N-H-P87HD2    124.521      8.154      3.657         -337 
      I89N-H-D88H    124.521      8.154      7.457        -9051 
     I89N-H-D88HA    124.521      8.154      4.617        -3015 
    I89N-H-D88HB2    124.521      8.154      2.679        -3963 
    I89N-H-D88HB3    124.521      8.154      2.591        -2871 
         I89N-H-H    124.521      8.154      8.154       -45044 
        I89N-H-HA    124.521      8.154      3.207        -5705 
        I89N-H-HB    124.521      8.154      1.452        -9715 
       I89N-H-HD1    124.521      8.154      0.861        -7669 
      I89N-H-HG12    124.521      8.154      1.830        -9188 
      I89N-H-HG13    124.521      8.154      0.582        -5536 
       I89N-H-HG2    124.521      8.154     -0.220        -3584 
      I89N-H-Y90H    124.521      8.154      9.052        -6846 
      I89N-H-A91H    124.521      8.154      7.947        -1454 
     I89N-H-A91HB    124.521      8.154      1.561        -1405 
      I89N-H-T92H    124.521      8.154      7.937        -1454 
    Y90N-H-I13HD1    118.599      9.052      0.747        -2405 
     Y90N-H-K86HA    118.599      9.052      3.804        -1905 
     Y90N-H-P87HA    118.599      9.052      4.287        -2068 
      Y90N-H-D88H    118.599      9.052      7.457        -1354 
     Y90N-H-D88HA    118.599      9.052      4.617        -1039 
      Y90N-H-I89H    118.599      9.052      8.154        -6978 
     Y90N-H-I89HA    118.599      9.052      3.207        -5638 
     Y90N-H-I89HB    118.599      9.052      1.452        -7201 
    Y90N-H-I89HD1    118.599      9.052      0.861        -2426 
   Y90N-H-I89HG13    118.599      9.052      0.582        -1731 
    Y90N-H-I89HG2    118.599      9.052     -0.220        -3381 
         Y90N-H-H    118.599      9.052      9.052       -57620 
        Y90N-H-HA    118.599      9.052      3.977        -5943 
       Y90N-H-HB2    118.599      9.052      3.012        -5922 
       Y90N-H-HB3    118.599      9.052      3.157       -10139 
       Y90N-H-HD1    118.599      9.052      7.007        -3133 
      Y90N-H-A91H    118.599      9.052      7.947        -7444 
     Y90N-H-A91HB    118.599      9.052      1.561        -2365 
      Y90N-H-T92H    118.599      9.052      7.937        -7444 
      Y90N-H-I93H    118.599      9.052      8.253        -1213 
     A91N-H-P87HA    119.071      7.947      4.287        -2222 
      A91N-H-D88H    119.071      7.947      7.457         -909 
     A91N-H-D88HA    119.071      7.947      4.617        -5474 
      A91N-H-I89H    119.071      7.947      8.154        -1755 
     A91N-H-I89HA    119.071      7.947      3.207        -5670 
      A91N-H-Y90H    119.071      7.947      9.052        -8606 
     A91N-H-Y90HA    119.071      7.947      3.977       -10506 
    A91N-H-Y90HB2    119.071      7.947      3.012        -7397 
    A91N-H-Y90HB3    119.071      7.947      3.157       -11519 
         A91N-H-H    119.071      7.947      7.947      -145205 
        A91N-H-HA    119.071      7.947      4.039       -14207 
        A91N-H-HB    119.071      7.947      1.561       -34337 
      A91N-H-T92H    119.071      7.947      7.937      -145205 
     A91N-H-T92HB    119.071      7.947      4.200        -1923 
      A91N-H-I93H    119.071      7.947      8.253        -1754 
    T92N-H-L55HD2    114.461      7.937      0.717        -2024 
    T92N-H-I58HD1    114.461      7.937      0.774        -2650 
     T92N-H-D88HA    114.461      7.937      4.617        -1494 
      T92N-H-I89H    114.461      7.937      8.154         -329 
     T92N-H-I89HA    114.461      7.937      3.207        -2789 
      T92N-H-Y90H    114.461      7.937      9.052         -904 
     T92N-H-Y90HA    114.461      7.937      3.977        -8795 
      T92N-H-A91H    114.461      7.937      7.947       -65505 
     T92N-H-A91HA    114.461      7.937      4.039        -5051 
     T92N-H-A91HB    114.461      7.937      1.561       -11250 
         T92N-H-H    114.461      7.937      7.937       -65505 
        T92N-H-HA    114.461      7.937      3.977        -8795 
        T92N-H-HB    114.461      7.937      4.200       -11335 
       T92N-H-HG2    114.461      7.937      1.043        -3974 
      T92N-H-I93H    114.461      7.937      8.253        -6211 
   T92N-H-I93HG13    114.461      7.937      1.947        -1286 
      T92N-H-M94H    114.461      7.937      8.632        -1043 
      T92N-H-D95H    114.461      7.937      8.701         -937 
    I93N-H-I13HD1    121.493      8.253      0.747        -4693 
    I93N-H-L51HD1    121.493      8.253      0.559        -5620 
    I93N-H-L55HD2    121.493      8.253      0.717        -5461 
     I93N-H-I89HA    121.493      8.253      3.207        -1609 
    I93N-H-I89HG2    121.493      8.253     -0.220        -1025 
      I93N-H-Y90H    121.493      8.253      9.052         -398 
     I93N-H-Y90HA    121.493      8.253      3.977        -4432 
      I93N-H-A91H    121.493      8.253      7.947        -7212 
     I93N-H-A91HA    121.493      8.253      4.039        -2679 
     I93N-H-A91HB    121.493      8.253      1.561        -1445 
      I93N-H-T92H    121.493      8.253      7.937        -7212 
     I93N-H-T92HA    121.493      8.253      3.977        -4432 
     I93N-H-T92HB    121.493      8.253      4.200        -6443 
    I93N-H-T92HG2    121.493      8.253      1.043        -3516 
         I93N-H-H    121.493      8.253      8.253       -50050 
        I93N-H-HA    121.493      8.253      3.523        -5260 
        I93N-H-HB    121.493      8.253      1.852       -11941 
       I93N-H-HD1    121.493      8.253      0.507        -6328 
      I93N-H-HG12    121.493      8.253      0.626        -6409 
      I93N-H-HG13    121.493      8.253      1.947       -10967 
       I93N-H-HG2    121.493      8.253      0.884        -4998 
      I93N-H-M94H    121.493      8.253      8.632        -7169 
    I93N-H-M94HG3    121.493      8.253      2.666         -776 
      I93N-H-D95H    121.493      8.253      8.701        -1994 
      I93N-H-F96H    121.493      8.253      8.235       -34185 
    M94N-H-I13HD1    118.345      8.632      0.747        -4187 
     M94N-H-Y90HA    118.345      8.632      3.977        -3409 
     M94N-H-A91HA    118.345      8.632      4.039        -3817 
      M94N-H-T92H    118.345      8.632      7.937        -1575 
      M94N-H-I93H    118.345      8.632      8.253        -7530 
     M94N-H-I93HA    118.345      8.632      3.523        -1680 
     M94N-H-I93HB    118.345      8.632      1.852        -7284 
    M94N-H-I93HD1    118.345      8.632      0.507        -1899 
   M94N-H-I93HG13    118.345      8.632      1.947        -3531 
    M94N-H-I93HG2    118.345      8.632      0.884        -3906 
         M94N-H-H    118.345      8.632      8.632       -64212 
        M94N-H-HA    118.345      8.632      4.279        -6422 
       M94N-H-HB2    118.345      8.632      2.121        -9061 
       M94N-H-HB3    118.345      8.632      2.032        -8293 
        M94N-H-HE    118.345      8.632      2.024        -7308 
       M94N-H-HG2    118.345      8.632      2.524        -6174 
       M94N-H-HG3    118.345      8.632      2.666        -6304 
      M94N-H-D95H    118.345      8.632      8.701       -16867 
      M94N-H-F96H    118.345      8.632      8.235        -5422 
     D95N-H-A91HA    120.052      8.701      4.039        -4348 
     D95N-H-A91HB    120.052      8.701      1.561        -1725 
      D95N-H-T92H    120.052      8.701      7.937        -1122 
     D95N-H-T92HA    120.052      8.701      3.977        -4576 
      D95N-H-I93H    120.052      8.701      8.253        -9685 
     D95N-H-I93HA    120.052      8.701      3.523         -673 
      D95N-H-M94H    120.052      8.701      8.632       -23910 
     D95N-H-M94HA    120.052      8.701      4.279        -3430 
    D95N-H-M94HB2    120.052      8.701      2.121        -8063 
    D95N-H-M94HB3    120.052      8.701      2.032        -7635 
     D95N-H-M94HE    120.052      8.701      2.024        -6359 
    D95N-H-M94HG3    120.052      8.701      2.666       -11500 
         D95N-H-H    120.052      8.701      8.701      -100591 
        D95N-H-HA    120.052      8.701      4.412       -10183 
       D95N-H-HB2    120.052      8.701      2.861       -18398 
       D95N-H-HB3    120.052      8.701      2.659       -11493 
      D95N-H-F96H    120.052      8.701      8.235        -8913 
      D95N-H-F97H    120.052      8.701      8.624       -23910 
      D95N-H-A98H    120.052      8.701      7.869         -757 
     D95N-H-A98HB    120.052      8.701      1.469        -1516 
    F96N-H-L51HD1    120.516      8.235      0.559        -2884 
     F96N-H-T92HA    120.516      8.235      3.977        -2686 
    F96N-H-T92HG2    120.516      8.235      1.043        -1345 
      F96N-H-I93H    120.516      8.235      8.253       -63946 
     F96N-H-I93HA    120.516      8.235      3.523        -2474 
      F96N-H-M94H    120.516      8.235      8.632        -7897 
     F96N-H-M94HA    120.516      8.235      4.279        -1094 
      F96N-H-D95H    120.516      8.235      8.701        -8910 
     F96N-H-D95HA    120.516      8.235      4.412        -2360 
    F96N-H-D95HB2    120.516      8.235      2.861        -7407 
    F96N-H-D95HB3    120.516      8.235      2.659        -5118 
         F96N-H-H    120.516      8.235      8.235       -59005 
        F96N-H-HA    120.516      8.235      4.060        -6390 
       F96N-H-HB2    120.516      8.235      3.252       -10656 
       F96N-H-HB3    120.516      8.235      2.945       -11180 
       F96N-H-HD1    120.516      8.235      6.616        -2583 
       F96N-H-HD2    120.516      8.235      6.616        -2583 
      F96N-H-F97H    120.516      8.235      8.624        -7897 
    F96N-H-F97HB2    120.516      8.235      3.032        -2723 
      F96N-H-A98H    120.516      8.235      7.869        -1112 
     F96N-H-A98HB    120.516      8.235      1.469         -899 
      F96N-H-S99H    120.516      8.235      7.536         -936 
     F97N-H-I93HA    121.200      8.624      3.523        -1368 
    F97N-H-I93HG2    121.200      8.624      0.884        -1522 
     F97N-H-M94HA    121.200      8.624      4.279        -3020 
      F97N-H-D95H    121.200      8.624      8.701        -7396 
     F97N-H-D95HA    121.200      8.624      4.412        -1244 
      F97N-H-F96H    121.200      8.624      8.235        -5905 
     F97N-H-F96HA    121.200      8.624      4.060        -5933 
    F97N-H-F96HB2    121.200      8.624      3.252        -6169 
    F97N-H-F96HB3    121.200      8.624      2.945        -7370 
    F97N-H-F96HD2    121.200      8.624      6.616        -3417 
         F97N-H-H    121.200      8.624      8.624       -62397 
        F97N-H-HA    121.200      8.624      4.025        -6630 
       F97N-H-HB2    121.200      8.624      3.032       -11064 
       F97N-H-HB3    121.200      8.624      3.182        -7710 
       F97N-H-HD1    121.200      8.624      7.579        -5507 
      F97N-H-A98H    121.200      8.624      7.869        -7284 
     F97N-H-A98HB    121.200      8.624      1.469        -1762 
      F97N-H-S99H    121.200      8.624      7.536        -3950 
     F97N-H-G100H    121.200      8.624      7.205        -1367 
     A98N-H-M94HA    121.061      7.869      4.279        -9631 
      A98N-H-D95H    121.061      7.869      8.701        -1959 
     A98N-H-D95HA    121.061      7.869      4.412        -4202 
      A98N-H-F96H    121.061      7.869      8.235        -1458 
     A98N-H-F96HA    121.061      7.869      4.060        -2878 
    A98N-H-F96HB3    121.061      7.869      2.945        -1668 
      A98N-H-F97H    121.061      7.869      8.624        -9417 
     A98N-H-F97HA    121.061      7.869      4.025        -4278 
    A98N-H-F97HB2    121.061      7.869      3.032        -4330 
    A98N-H-F97HB3    121.061      7.869      3.182        -3278 
         A98N-H-H    121.061      7.869      7.869      -113931 
        A98N-H-HA    121.061      7.869      4.247       -12144 
        A98N-H-HB    121.061      7.869      1.469       -32071 
      A98N-H-S99H    121.061      7.869      7.536       -10078 
     A98N-H-G100H    121.061      7.869      7.205        -1123 
     S99N-H-D95HA    113.149      7.536      4.412        -1396 
      S99N-H-F96H    113.149      7.536      8.235         -618 
     S99N-H-F96HA    113.149      7.536      4.060        -5662 
      S99N-H-F97H    113.149      7.536      8.624        -1760 
     S99N-H-F97HA    113.149      7.536      4.025       -10430 
      S99N-H-A98H    113.149      7.536      7.869       -13603 
     S99N-H-A98HA    113.149      7.536      4.247        -4455 
     S99N-H-A98HB    113.149      7.536      1.469       -12309 
         S99N-H-H    113.149      7.536      7.536       -84395 
        S99N-H-HA    113.149      7.536      4.145        -9506 
       S99N-H-HB2    113.149      7.536      3.975       -11630 
       S99N-H-HB3    113.149      7.536      3.808        -6295 
     S99N-H-G100H    113.149      7.536      7.205        -6277 
   S99N-H-G100HA2    113.149      7.536      3.702        -1868 
     S99N-H-L101H    113.149      7.536      7.308        -1572 
    S99N-H-L101HG    113.149      7.536      1.463       -12309 
    G100N-H-F96HA    109.375      7.205      4.060        -3528 
     G100N-H-F97H    109.375      7.205      8.624         -857 
    G100N-H-F97HA    109.375      7.205      4.025        -8973 
     G100N-H-A98H    109.375      7.205      7.869        -1524 
    G100N-H-A98HA    109.375      7.205      4.247        -1242 
    G100N-H-A98HB    109.375      7.205      1.469        -2096 
     G100N-H-S99H    109.375      7.205      7.536        -5692 
    G100N-H-S99HA    109.375      7.205      4.145        -2680 
   G100N-H-S99HB2    109.375      7.205      3.975        -9244 
   G100N-H-S99HB3    109.375      7.205      3.808        -2587 
        G100N-H-H    109.375      7.205      7.205       -77266 
      G100N-H-HA2    109.375      7.205      3.702       -10670 
      G100N-H-HA3    109.375      7.205      3.997        -9244 
    G100N-H-L101H    109.375      7.205      7.308        -6155 
  G100N-H-L101HB2    109.375      7.205      1.415        -1028 
   G100N-H-L101HG    109.375      7.205      1.463        -2096 
    L101N-H-F96HA    122.211      7.308      4.060        -1260 
    L101N-H-F97HA    122.211      7.308      4.025        -3766 
     L101N-H-S99H    122.211      7.308      7.536         -639 
   L101N-H-S99HB3    122.211      7.308      3.808        -4072 
    L101N-H-G100H    122.211      7.308      7.205        -2344 
  L101N-H-G100HA2    122.211      7.308      3.702        -3073 
  L101N-H-G100HA3    122.211      7.308      3.997        -3991 
        L101N-H-H    122.211      7.308      7.308       -71556 
       L101N-H-HA    122.211      7.308      4.361        -7432 
      L101N-H-HB2    122.211      7.308      1.415       -14061 
      L101N-H-HB3    122.211      7.308      1.297       -12047 
      L101N-H-HD1    122.211      7.308      0.858        -9263 
      L101N-H-HD2    122.211      7.308      0.887        -8233 
       L101N-H-HG    122.211      7.308      1.463       -16115 
   L103N-H-F96HE2    120.233      8.358      6.805        -1156 
    L103N-H-F96HZ    120.233      8.358      6.968        -2183 
   L103N-H-P102HA    120.233      8.358      4.508       -35405 
  L103N-H-P102HB2    120.233      8.358      1.883        -5364 
  L103N-H-P102HB3    120.233      8.358      2.325        -6486 
        L103N-H-H    120.233      8.358      8.358      -119306 
       L103N-H-HA    120.233      8.358      3.989        -9754 
      L103N-H-HB2    120.233      8.358      1.693       -20007 
      L103N-H-HB3    120.233      8.358      1.554       -16614 
      L103N-H-HD1    120.233      8.358      0.548        -6543 
      L103N-H-HD2    120.233      8.358      0.518        -5703 
       L103N-H-HG    120.233      8.358      1.573       -16214 
    L103N-H-V104H    120.233      8.358      7.758       -15717 
   V104N-H-P102HA    113.997      7.758      4.508        -3683 
  V104N-H-P102HB2    113.997      7.758      1.883        -6277 
    V104N-H-L103H    113.997      7.758      8.358       -13860 
   V104N-H-L103HA    113.997      7.758      3.989        -5037 
  V104N-H-L103HB2    113.997      7.758      1.693        -7269 
  V104N-H-L103HB3    113.997      7.758      1.554        -8043 
  V104N-H-L103HD1    113.997      7.758      0.548        -2452 
  V104N-H-L103HD2    113.997      7.758      0.518        -2031 
        V104N-H-H    113.997      7.758      7.758      -150402 
       V104N-H-HA    113.997      7.758      4.918        -5735 
       V104N-H-HB    113.997      7.758      2.095       -13043 
      V104N-H-HG1    113.997      7.758      1.032       -10565 
      V104N-H-HG2    113.997      7.758      0.998       -11763 
    V104N-H-T105H    113.997      7.758      8.707        -1835 
    T105N-H-R48HA    118.135      8.707      4.216        -1921 
    T105N-H-S49HA    118.135      8.707      5.524        -4698 
   T105N-H-P50HD2    118.135      8.707      3.970        -2530 
   T105N-H-P50HD3    118.135      8.707      3.863        -3203 
    T105N-H-V104H    118.135      8.707      7.758        -2923 
   T105N-H-V104HA    118.135      8.707      4.918       -21877 
   T105N-H-V104HB    118.135      8.707      2.095        -6078 
  T105N-H-V104HG1    118.135      8.707      1.032       -11967 
  T105N-H-V104HG2    118.135      8.707      0.998        -9951 
        T105N-H-H    118.135      8.707      8.707       -91001 
       T105N-H-HA    118.135      8.707      4.439        -8248 
       T105N-H-HB    118.135      8.707      4.309        -5998 
      T105N-H-HG2    118.135      8.707      1.201        -8308 
    T105N-H-E106H    118.135      8.707      8.438        -2658 
    E106N-H-R48HA    122.946      8.438      4.216        -1289 
   E106N-H-R48HB3    122.946      8.438      1.622          -47 
   E106N-H-V104HA    122.946      8.438      4.918        -2423 
  E106N-H-V104HG1    122.946      8.438      1.032        -3225 
    E106N-H-T105H    122.946      8.438      8.707        -5117 
   E106N-H-T105HA    122.946      8.438      4.439       -24321 
   E106N-H-T105HB    122.946      8.438      4.309        -6680 
  E106N-H-T105HG2    122.946      8.438      1.201        -3697 
        E106N-H-H    122.946      8.438      8.438       -53996 
       E106N-H-HA    122.946      8.438      4.419       -23996 
      E106N-H-HB2    122.946      8.438      2.154        -4320 
      E106N-H-HB3    122.946      8.438      1.949        -8473 
      E106N-H-HG2    122.946      8.438      2.281        -4262 
      E106N-H-HG3    122.946      8.438      2.310        -3725 
    E106N-H-E107H    122.946      8.438      8.130        -3653 
  E107N-H-V104HG1    126.458      8.130      1.032         -580 
    E107N-H-E106H    126.458      8.130      8.438        -2584 
   E107N-H-E106HA    126.458      8.130      4.419       -36929 
  E107N-H-E106HB2    126.458      8.130      2.154        -7149 
  E107N-H-E106HB3    126.458      8.130      1.949       -15148 
        E107N-H-H    126.458      8.130      8.130      -426379 
       E107N-H-HA    126.458      8.130      4.115       -10823 
      E107N-H-HB2    126.458      8.130      1.903       -15754 
      E107N-H-HB3    126.458      8.130      2.067        -5817 
      E107N-H-HG2    126.458      8.130      2.220        -9719 
      E107N-H-HG3    126.458      8.130      2.218        -9719 
