      Assignment         w1         w2         w3   Data Height 

       S2N-H-M1HA    116.100      8.120      4.390          758 
      S2N-H-M1HB2    116.100      8.120      1.980          250 
      S2N-H-M1HB3    116.100      8.120      1.830          241 
      S2N-H-M1HG2    116.100      8.120      2.390          125 
      S2N-H-M1HG3    116.100      8.120      2.300           15 
          S2N-H-H    116.100      8.120      8.120         5726 
         S2N-H-HA    116.100      8.120      4.090          559 
        S2N-H-HB2    116.100      8.120      3.800         1070 
        S2N-H-HB3    116.100      8.120      3.800         1070 
        S2N-H-G3H    116.100      8.120      8.660          214 
        G3N-H-S2H    112.900      8.660      8.120         -321 
       G3N-H-S2HA    112.900      8.660      4.090         2204 
      G3N-H-S2HB2    112.900      8.660      3.800          196 
      G3N-H-S2HB3    112.900      8.660      3.800          196 
          G3N-H-H    112.900      8.660      8.660        15593 
        G3N-H-HA2    112.900      8.660      4.150         1221 
        G3N-H-HA3    112.900      8.660      3.720         1135 
        G3N-H-A4H    112.900      8.660      7.950          391 
       G3N-H-A4HA    112.900      8.660      4.360           50 
       G3N-H-A4HB    112.900      8.660      1.400         -245 
        A4N-H-G3H    123.300      7.950      8.660         1175 
      A4N-H-G3HA2    123.300      7.950      4.150         1610 
      A4N-H-G3HA3    123.300      7.950      3.720         1544 
          A4N-H-H    123.300      7.950      7.950       104589 
         A4N-H-HA    123.300      7.950      4.360         2467 
         A4N-H-HB    123.300      7.950      1.400         7597 
        A4N-H-R5H    123.300      7.950      8.470          373 
       A4N-H-R5HA    123.300      7.950      5.280          -33 
       A4N-H-L31H    123.300      7.950      8.960          498 
     A4N-H-L31HD1    123.300      7.950      0.560          477 
        R5N-H-A4H    119.100      8.470      7.950         -510 
       R5N-H-A4HA    119.100      8.470      4.360        11176 
       R5N-H-A4HB    119.100      8.470      1.400         4198 
          R5N-H-H    119.100      8.470      8.470       137452 
         R5N-H-HA    119.100      8.470      5.280         2131 
        R5N-H-HB2    119.100      8.470      1.770         7545 
        R5N-H-HB3    119.100      8.470      1.770         7545 
        R5N-H-HD2    119.100      8.470      3.140          427 
        R5N-H-HD3    119.100      8.470      3.140          427 
        R5N-H-HG2    119.100      8.470      1.760         7584 
        R5N-H-HG3    119.100      8.470      1.700         2460 
        R5N-H-C6H    119.100      8.470      9.150          902 
       R5N-H-C6HA    119.100      8.470      5.380          -99 
       R5N-H-L31H    119.100      8.470      8.960          894 
     R5N-H-L31HD1    119.100      8.470      0.560          260 
       R5N-H-L60H    119.100      8.470      8.000         -143 
     R5N-H-L60HB2    119.100      8.470      1.560          294 
        C6N-H-R5H    115.900      9.150      8.470          417 
       C6N-H-R5HA    115.900      9.150      5.280         9482 
      C6N-H-R5HB2    115.900      9.150      1.770         3170 
      C6N-H-R5HB3    115.900      9.150      1.770         3170 
      C6N-H-R5HG2    115.900      9.150      1.760         3617 
      C6N-H-R5HG3    115.900      9.150      1.700         1363 
          C6N-H-H    115.900      9.150      9.150        78396 
         C6N-H-HA    115.900      9.150      5.380         1706 
        C6N-H-HB2    115.900      9.150      2.890          755 
        C6N-H-HB3    115.900      9.150      2.510          883 
        C6N-H-R7H    115.900      9.150      8.790         1306 
       C6N-H-R7HA    115.900      9.150      5.470          184 
      C6N-H-L28HA    115.900      9.150      5.140          413 
     C6N-H-L28HB3    115.900      9.150      1.400          307 
       C6N-H-I29H    115.900      9.150      8.750         2699 
      C6N-H-I29HA    115.900      9.150      4.410          159 
      C6N-H-I29HB    115.900      9.150      1.460         2718 
     C6N-H-I29HG2    115.900      9.150      0.510          287 
       C6N-H-T30H    115.900      9.150      8.810          675 
      C6N-H-T30HA    115.900      9.150      4.650          681 
       C6N-H-L31H    115.900      9.150      8.960          644 
     C6N-H-L31HD2    115.900      9.150      1.020          176 
      C6N-H-L31HG    115.900      9.150      1.590           81 
     C6N-H-L60HD1    115.900      9.150      0.760          900 
        R7N-H-C6H    119.600      8.790      9.150          844 
       R7N-H-C6HA    119.600      8.790      5.380         5920 
      R7N-H-C6HB2    119.600      8.790      2.890         1332 
      R7N-H-C6HB3    119.600      8.790      2.510         3380 
          R7N-H-H    119.600      8.790      8.790        80063 
         R7N-H-HA    119.600      8.790      5.470         1373 
        R7N-H-HB2    119.600      8.790      1.610         2567 
        R7N-H-HB3    119.600      8.790      1.530         2832 
        R7N-H-HG2    119.600      8.790      1.500         2247 
        R7N-H-HG3    119.600      8.790      1.310          110 
        R7N-H-T8H    119.600      8.790      9.140          844 
       R7N-H-T8HA    119.600      8.790      4.290          272 
      R7N-H-T8HG2    119.600      8.790     -0.190         -119 
      R7N-H-L28HA    119.600      8.790      5.140          -10 
       R7N-H-I29H    119.600      8.790      8.750        16248 
      R7N-H-V57HA    119.600      8.790      5.190          910 
      R7N-H-V57HB    119.600      8.790      1.700         1174 
     R7N-H-V57HG1    119.600      8.790      0.480          -39 
     R7N-H-V57HG2    119.600      8.790      1.210          155 
       R7N-H-Q58H    119.600      8.790      8.770        53738 
      R7N-H-Q58HA    119.600      8.790      4.810          108 
     R7N-H-Q58HB2    119.600      8.790      1.950          824 
     R7N-H-Q58HB3    119.600      8.790      1.950          824 
       R7N-H-L59H    119.600      8.790      9.000         1557 
      R7N-H-L59HA    119.600      8.790      4.300          326 
       R7N-H-L60H    119.600      8.790      8.000          128 
     R7N-H-L60HD1    119.600      8.790      0.760         1061 
     R7N-H-L60HD2    119.600      8.790      0.790         1475 
      R7N-H-L60HG    119.600      8.790      1.510         2247 
        T8N-H-R7H    116.900      9.140      8.790          366 
       T8N-H-R7HA    116.900      9.140      5.470         9181 
      T8N-H-R7HB2    116.900      9.140      1.610          539 
      T8N-H-R7HB3    116.900      9.140      1.530         1707 
      T8N-H-R7HG2    116.900      9.140      1.500         1455 
      T8N-H-R7HG3    116.900      9.140      1.310          908 
          T8N-H-H    116.900      9.140      9.140        64907 
         T8N-H-HA    116.900      9.140      4.290         1467 
         T8N-H-HB    116.900      9.140      4.160          698 
        T8N-H-HG1    116.900      9.140      6.060          604 
        T8N-H-HG2    116.900      9.140     -0.190         5764 
        T8N-H-L9H    116.900      9.140      9.340         -461 
       T8N-H-L9HA    116.900      9.140      4.090          196 
      T8N-H-A25HA    116.900      9.140      3.780          163 
       T8N-H-G26H    116.900      9.140      8.420          893 
     T8N-H-G26HA2    116.900      9.140      4.150          795 
       T8N-H-E27H    116.900      9.140      8.070         1652 
      T8N-H-E27HA    116.900      9.140      4.420          -33 
     T8N-H-E27HB2    116.900      9.140      2.020           65 
       T8N-H-L28H    116.900      9.140      8.550         -126 
      T8N-H-L28HA    116.900      9.140      5.140          690 
       T8N-H-I29H    116.900      9.140      8.750         1089 
     T8N-H-I29HD1    116.900      9.140     -0.170         3561 
      T8N-H-V57HB    116.900      9.140      1.700          650 
     T8N-H-V57HG1    116.900      9.140      0.480          145 
       T8N-H-Q58H    116.900      9.140      8.770          837 
        L9N-H-T8H    124.100      9.340      9.140         1179 
       L9N-H-T8HA    124.100      9.340      4.290         8235 
       L9N-H-T8HB    124.100      9.340      4.160         1581 
      L9N-H-T8HG1    124.100      9.340      6.060          141 
      L9N-H-T8HG2    124.100      9.340     -0.190          426 
          L9N-H-H    124.100      9.340      9.340        57270 
         L9N-H-HA    124.100      9.340      4.090         1510 
        L9N-H-HB2    124.100      9.340      0.870         4228 
        L9N-H-HB3    124.100      9.340      0.530         1288 
        L9N-H-HD1    124.100      9.340      0.660         1476 
        L9N-H-HD2    124.100      9.340      0.630         1351 
         L9N-H-HG    124.100      9.340      1.240         3702 
       L9N-H-Y10H    124.100      9.340      7.210         4073 
      L9N-H-Y10HA    124.100      9.340      5.050           97 
     L9N-H-Y10HB2    124.100      9.340      3.230         -258 
      L9N-H-A25HA    124.100      9.340      3.780          -18 
       L9N-H-G26H    124.100      9.340      8.420          181 
      L9N-H-V57HA    124.100      9.340      5.190         3315 
      L9N-H-V57HB    124.100      9.340      1.700          207 
     L9N-H-V57HG1    124.100      9.340      0.480         1599 
       L9N-H-Q58H    124.100      9.340      8.770          773 
      Y10N-H-T8HA    115.200      7.210      4.290          873 
      Y10N-H-T8HB    115.200      7.210      4.160         1400 
     Y10N-H-T8HG2    115.200      7.210     -0.190          250 
       Y10N-H-L9H    115.200      7.210      9.340         5029 
      Y10N-H-L9HA    115.200      7.210      4.090         1045 
     Y10N-H-L9HB2    115.200      7.210      0.870         1941 
     Y10N-H-L9HB3    115.200      7.210      0.530          620 
     Y10N-H-L9HD1    115.200      7.210      0.660          601 
     Y10N-H-L9HD2    115.200      7.210      0.630          521 
      Y10N-H-L9HG    115.200      7.210      1.240          183 
         Y10N-H-H    115.200      7.210      7.210        90557 
        Y10N-H-HA    115.200      7.210      5.050         1920 
       Y10N-H-HB2    115.200      7.210      3.230          620 
       Y10N-H-HB3    115.200      7.210      2.140         2163 
       Y10N-H-HD1    115.200      7.210      6.640         1091 
       Y10N-H-HD2    115.200      7.210      6.640         1091 
     Y10N-H-P11HA    115.200      7.210      4.780          215 
    Y10N-H-P11HD2    115.200      7.210      3.930           11 
    Y10N-H-P11HD3    115.200      7.210      3.850          361 
     Y10N-H-A25HA    115.200      7.210      3.780          685 
     Y10N-H-A25HB    115.200      7.210      1.140          946 
      Y10N-H-G26H    115.200      7.210      8.420         -301 
     F12N-H-P11HA    119.800      8.590      4.780         6079 
    F12N-H-P11HB2    119.800      8.590      2.490         1027 
    F12N-H-P11HB3    119.800      8.590      2.120          958 
    F12N-H-P11HD2    119.800      8.590      3.930           99 
    F12N-H-P11HD3    119.800      8.590      3.850          -10 
    F12N-H-P11HG2    119.800      8.590      2.250          316 
    F12N-H-P11HG3    119.800      8.590      2.210          121 
         F12N-H-H    119.800      8.590      8.590        73301 
        F12N-H-HA    119.800      8.590      5.120         1017 
       F12N-H-HB2    119.800      8.590      2.870          983 
       F12N-H-HB3    119.800      8.590      1.540         1606 
       F12N-H-HD1    119.800      8.590      7.500           90 
       F12N-H-HD2    119.800      8.590      7.500           90 
      F12N-H-S13H    119.800      8.590      8.410        -2606 
     F12N-H-S13HA    119.800      8.590      4.230          135 
      S13N-H-F12H    121.600      8.410      8.590         -187 
     S13N-H-F12HA    121.600      8.410      5.120          588 
    S13N-H-F12HB2    121.600      8.410      2.870         -271 
    S13N-H-F12HB3    121.600      8.410      1.540          210 
    S13N-H-F12HD1    121.600      8.410      7.500          262 
         S13N-H-H    121.600      8.410      8.410         1020 
        S13N-H-HA    121.600      8.410      4.230          239 
       S13N-H-HB2    121.600      8.410      3.900          192 
       S13N-H-HB3    121.600      8.410      3.790         -104 
      S13N-H-G14H    121.600      8.410      5.120          588 
    S13N-H-G14HA2    121.600      8.410      3.780         -153 
      G14N-H-S13H    106.800      5.120      8.410          434 
     G14N-H-S13HA    106.800      5.120      4.230          775 
    G14N-H-S13HB2    106.800      5.120      3.900          322 
    G14N-H-S13HB3    106.800      5.120      3.790         1926 
         G14N-H-H    106.800      5.120      5.120        50064 
       G14N-H-HA2    106.800      5.120      3.780         1880 
       G14N-H-HA3    106.800      5.120      3.230         3130 
      G14N-H-E15H    106.800      5.120      7.630         1444 
      E15N-H-G14H    118.500      7.630      5.120         1310 
    E15N-H-G14HA2    118.500      7.630      3.780         1139 
    E15N-H-G14HA3    118.500      7.630      3.230         1275 
         E15N-H-H    118.500      7.630      7.630        53523 
        E15N-H-HA    118.500      7.630      4.190         1532 
       E15N-H-HB2    118.500      7.630      2.030         1761 
       E15N-H-HB3    118.500      7.630      1.890         2499 
       E15N-H-HG2    118.500      7.630      2.200         2815 
       E15N-H-HG3    118.500      7.630      2.200         2815 
      E15N-H-R16H    118.500      7.630      8.050          276 
      R16N-H-E15H    115.300      8.050      7.630          238 
     R16N-H-E15HA    115.300      8.050      4.190         1280 
    R16N-H-E15HB2    115.300      8.050      2.030          991 
    R16N-H-E15HB3    115.300      8.050      1.890          267 
    R16N-H-E15HG2    115.300      8.050      2.200           51 
    R16N-H-E15HG3    115.300      8.050      2.200           51 
         R16N-H-H    115.300      8.050      8.050         7816 
        R16N-H-HA    115.300      8.050      3.990         1245 
       R16N-H-HB2    115.300      8.050      2.020         1137 
       R16N-H-HB3    115.300      8.050      2.020         1137 
       R16N-H-HD2    115.300      8.050      3.100         -110 
       R16N-H-HG2    115.300      8.050      1.510          262 
       R16N-H-HG3    115.300      8.050      1.510          262 
      R16N-H-H17H    115.300      8.050      7.970         -304 
     R16N-H-H17HA    115.300      8.050      4.090          -58 
     R16NE-HE-HB2     83.100      7.150      2.020          128 
     R16NE-HE-HB3     83.100      7.150      2.020          128 
     R16NE-HE-HD2     83.100      7.150      3.100          262 
     R16NE-HE-HD3     83.100      7.150      3.100          262 
      R16NE-HE-HE     83.100      7.150      7.150          264 
     R16NE-HE-HG2     83.100      7.150      1.510           14 
     R16NE-HE-HG3     83.100      7.150      1.510           14 
      H17N-H-R16H    119.600      7.970      8.050          334 
     H17N-H-R16HA    119.600      7.970      3.990          306 
    H17N-H-R16HB2    119.600      7.970      2.020         -109 
    H17N-H-R16HB3    119.600      7.970      2.020         -109 
    H17N-H-R16HG2    119.600      7.970      1.510            7 
         H17N-H-H    119.600      7.970      7.970         1008 
        H17N-H-HA    119.600      7.970      4.090          112 
       H17N-H-HB2    119.600      7.970      2.570           84 
       H17N-H-HB3    119.600      7.970      2.390          -95 
      H17N-H-G18H    119.600      7.970      8.340          313 
      G18N-H-H17H    113.100      8.340      7.970         -462 
     G18N-H-H17HA    113.100      8.340      4.090           37 
    G18N-H-H17HB2    113.100      8.340      2.570          231 
    G18N-H-H17HB3    113.100      8.340      2.390         -126 
         G18N-H-H    113.100      8.340      8.340          338 
       G18N-H-HA2    113.100      8.340      3.850          170 
       G18N-H-HA3    113.100      8.340      3.850          170 
   Q19NE2-HE21-HA    112.200      7.580      4.770         2910 
  Q19NE2-HE21-HB2    112.200      7.580      2.720          -10 
  Q19NE2-HE21-HB3    112.200      7.580      2.720          -10 
 Q19NE2-HE21-HE21    112.200      7.580      7.580        82629 
 Q19NE2-HE21-HE22    112.200      7.580      6.910        34386 
  Q19NE2-HE21-HG2    112.200      7.580      2.570           80 
  Q19NE2-HE21-HG3    112.200      7.580      2.460          -49 
  Q19NE2-HE22-HB2    112.200      6.910      2.720          102 
  Q19NE2-HE22-HB3    112.200      6.910      2.720          102 
 Q19NE2-HE22-HE21    112.200      6.910      7.580        20891 
 Q19NE2-HE22-HE22    112.200      6.910      6.910        60221 
  Q19NE2-HE22-HG2    112.200      6.910      2.570         -227 
  Q19NE2-HE22-HG3    112.200      6.910      2.460           70 
     G20N-H-Q19HA    108.200      8.240      4.770         4219 
    G20N-H-Q19HB2    108.200      8.240      2.720          469 
    G20N-H-Q19HB3    108.200      8.240      2.720          469 
    G20N-H-Q19HG3    108.200      8.240      2.460          194 
         G20N-H-H    108.200      8.240      8.240        32890 
       G20N-H-HA2    108.200      8.240      4.790         4219 
       G20N-H-HA3    108.200      8.240      4.160         2222 
      G20N-H-L21H    108.200      8.240      9.280          125 
     G20N-H-L21HA    108.200      8.240      4.590          325 
      L21N-H-G20H    128.100      9.280      8.240          151 
    L21N-H-G20HA2    128.100      9.280      4.790         3865 
    L21N-H-G20HA3    128.100      9.280      4.160         1439 
         L21N-H-H    128.100      9.280      9.280        40555 
        L21N-H-HA    128.100      9.280      4.590          954 
       L21N-H-HB2    128.100      9.280      2.130         2573 
       L21N-H-HB3    128.100      9.280      1.130         2177 
       L21N-H-HD1    128.100      9.280      0.910          289 
       L21N-H-HD2    128.100      9.280      0.900          355 
        L21N-H-HG    128.100      9.280      1.650           59 
      L21N-H-R22H    128.100      9.280      7.620          289 
     L21N-H-R22HA    128.100      9.280      4.460          108 
    L21N-H-G50HA3    128.100      9.280      4.390          223 
      R22N-H-L21H    121.900      7.620      9.280          348 
     R22N-H-L21HA    121.900      7.620      4.590        10912 
    R22N-H-L21HB2    121.900      7.620      2.130          506 
    R22N-H-L21HB3    121.900      7.620      1.130           65 
    R22N-H-L21HD1    121.900      7.620      0.910         4495 
    R22N-H-L21HD2    121.900      7.620      0.900         4101 
     R22N-H-L21HG    121.900      7.620      1.650         8988 
         R22N-H-H    121.900      7.620      7.620       135275 
        R22N-H-HA    121.900      7.620      4.460         2922 
       R22N-H-HB2    121.900      7.620      1.650         8988 
       R22N-H-HB3    121.900      7.620      1.650         8988 
       R22N-H-HD3    121.900      7.620      3.150          297 
       R22N-H-HG2    121.900      7.620      1.630         8988 
       R22N-H-HG3    121.900      7.620      1.410          833 
      R22N-H-F23H    121.900      7.620      8.610           93 
     R22N-H-F23HA    121.900      7.620      4.840          208 
     F23N-H-T8HG2    117.200      8.610     -0.190           62 
     F23N-H-L21HG    117.200      8.610      1.650         1356 
      F23N-H-R22H    117.200      8.610      7.620         -156 
     F23N-H-R22HA    117.200      8.610      4.460         6468 
    F23N-H-R22HB2    117.200      8.610      1.650         1356 
    F23N-H-R22HB3    117.200      8.610      1.650         1356 
    F23N-H-R22HG2    117.200      8.610      1.630         1356 
    F23N-H-R22HG3    117.200      8.610      1.410          745 
         F23N-H-H    117.200      8.610      8.610        58585 
        F23N-H-HA    117.200      8.610      4.840         1150 
       F23N-H-HB2    117.200      8.610      3.450          249 
       F23N-H-HB3    117.200      8.610      3.000          534 
       F23N-H-HD1    117.200      8.610      6.990         -121 
       F23N-H-HD2    117.200      8.610      6.990         -121 
      F23N-H-A24H    117.200      8.610      9.380          161 
     F23N-H-A24HA    117.200      8.610      4.730          205 
     F23N-H-A24HB    117.200      8.610      1.540          694 
     A24N-H-T8HG1    125.200      9.380      6.060          134 
     A24N-H-T8HG2    125.200      9.380     -0.190           -9 
      A24N-H-F23H    125.200      9.380      8.610          476 
     A24N-H-F23HA    125.200      9.380      4.840         8354 
    A24N-H-F23HB2    125.200      9.380      3.450         5627 
    A24N-H-F23HB3    125.200      9.380      3.000         1568 
    A24N-H-F23HD1    125.200      9.380      6.990           61 
         A24N-H-H    125.200      9.380      9.380        87937 
        A24N-H-HA    125.200      9.380      4.730         2363 
        A24N-H-HB    125.200      9.380      1.540         6574 
      A24N-H-A25H    125.200      9.380      8.650          693 
     A24N-H-A25HA    125.200      9.380      3.780          213 
     A24N-H-A25HB    125.200      9.380      1.140          126 
      A24N-H-E27H    125.200      9.380      8.070          650 
    A24N-H-E27HB2    125.200      9.380      2.020          831 
    A24N-H-E27HB3    125.200      9.380      1.720          338 
    A24N-H-E27HG2    125.200      9.380      2.260         1748 
    A24N-H-E27HG3    125.200      9.380      2.050          973 
     A25N-H-T8HG1    121.900      8.650      6.060           92 
    A25N-H-P11HD3    121.900      8.650      3.850         1138 
    A25N-H-P11HG2    121.900      8.650      2.250          921 
    A25N-H-P11HG3    121.900      8.650      2.210          830 
      A25N-H-A24H    121.900      8.650      9.380         1021 
     A25N-H-A24HA    121.900      8.650      4.730         5200 
     A25N-H-A24HB    121.900      8.650      1.540         7154 
         A25N-H-H    121.900      8.650      8.650       130480 
        A25N-H-HA    121.900      8.650      3.780         1951 
        A25N-H-HB    121.900      8.650      1.140        11214 
      A25N-H-G26H    121.900      8.650      8.420        -1455 
    A25N-H-G26HA3    121.900      8.650      3.500           40 
      A25N-H-E27H    121.900      8.650      8.070         -799 
       G26N-H-T8H    111.600      8.420      9.140          722 
      G26N-H-T8HA    111.600      8.420      4.290          271 
      G26N-H-T8HB    111.600      8.420      4.160         2393 
     G26N-H-T8HG1    111.600      8.420      6.060         1908 
     G26N-H-T8HG2    111.600      8.420     -0.190           85 
       G26N-H-L9H    111.600      8.420      9.340          250 
      G26N-H-L9HA    111.600      8.420      4.090         1012 
      G26N-H-Y10H    111.600      8.420      7.210         -191 
     G26N-H-A24HB    111.600      8.420      1.540          206 
      G26N-H-A25H    111.600      8.420      8.650         1536 
     G26N-H-A25HA    111.600      8.420      3.780         8197 
     G26N-H-A25HB    111.600      8.420      1.140         2997 
         G26N-H-H    111.600      8.420      8.420        74464 
       G26N-H-HA2    111.600      8.420      4.150         2513 
       G26N-H-HA3    111.600      8.420      3.500         5101 
      G26N-H-E27H    111.600      8.420      8.070         2849 
     G26N-H-E27HA    111.600      8.420      4.420           79 
       E27N-H-T8H    120.700      8.070      9.140         1555 
      E27N-H-T8HB    120.700      8.070      4.160         1358 
     E27N-H-T8HG1    120.700      8.070      6.060         5625 
     E27N-H-T8HG2    120.700      8.070     -0.190         1442 
      E27N-H-A24H    120.700      8.070      9.380          199 
     E27N-H-A24HB    120.700      8.070      1.540          574 
      E27N-H-A25H    120.700      8.070      8.650          207 
     E27N-H-A25HA    120.700      8.070      3.780          976 
     E27N-H-A25HB    120.700      8.070      1.140          250 
      E27N-H-G26H    120.700      8.070      8.420         4381 
    E27N-H-G26HA2    120.700      8.070      4.150         1268 
    E27N-H-G26HA3    120.700      8.070      3.500         1347 
         E27N-H-H    120.700      8.070      8.070        89387 
        E27N-H-HA    120.700      8.070      4.420         1831 
       E27N-H-HB2    120.700      8.070      2.020         1732 
       E27N-H-HB3    120.700      8.070      1.720         3311 
       E27N-H-HG2    120.700      8.070      2.260         2128 
       E27N-H-HG3    120.700      8.070      2.050         1269 
      E27N-H-L28H    120.700      8.070      8.550          563 
     E27N-H-L28HA    120.700      8.070      5.140          150 
      L28N-H-R7HA    121.800      8.550      5.470         -114 
       L28N-H-T8H    121.800      8.550      9.140          771 
      L28N-H-E27H    121.800      8.550      8.070         -741 
     L28N-H-E27HA    121.800      8.550      4.420        10045 
    L28N-H-E27HB2    121.800      8.550      2.020         4405 
    L28N-H-E27HB3    121.800      8.550      1.720         5565 
    L28N-H-E27HG2    121.800      8.550      2.260          395 
    L28N-H-E27HG3    121.800      8.550      2.050         2414 
         L28N-H-H    121.800      8.550      8.550       137527 
        L28N-H-HA    121.800      8.550      5.140         2858 
       L28N-H-HB2    121.800      8.550      1.680         7686 
       L28N-H-HB3    121.800      8.550      1.400         3030 
       L28N-H-HD1    121.800      8.550      0.870          578 
       L28N-H-HD2    121.800      8.550      0.780         1031 
        L28N-H-HG    121.800      8.550      1.610         3381 
      L28N-H-I29H    121.800      8.550      8.750         2278 
     L28N-H-I29HA    121.800      8.550      4.410        10492 
    L28N-H-I29HD1    121.800      8.550     -0.170          557 
      I29N-H-R5HA    123.500      8.750      5.280          262 
       I29N-H-C6H    123.500      8.750      9.150         2207 
      I29N-H-C6HA    123.500      8.750      5.380          -89 
     I29N-H-C6HB2    123.500      8.750      2.890           12 
     I29N-H-C6HB3    123.500      8.750      2.510          -24 
       I29N-H-R7H    123.500      8.750      8.790        27067 
      I29N-H-R7HA    123.500      8.750      5.470          456 
       I29N-H-T8H    123.500      8.750      9.140         2207 
     I29N-H-T8HG2    123.500      8.750     -0.190          743 
      I29N-H-L28H    123.500      8.750      8.550        -1601 
     I29N-H-L28HA    123.500      8.750      5.140         8457 
    I29N-H-L28HB2    123.500      8.750      1.680          417 
    I29N-H-L28HB3    123.500      8.750      1.400         1332 
    I29N-H-L28HD1    123.500      8.750      0.870           81 
    I29N-H-L28HD2    123.500      8.750      0.780         1268 
     I29N-H-L28HG    123.500      8.750      1.610          542 
         I29N-H-H    123.500      8.750      8.750        53930 
        I29N-H-HA    123.500      8.750      4.410         1416 
        I29N-H-HB    123.500      8.750      1.460         3337 
       I29N-H-HD1    123.500      8.750     -0.170          593 
      I29N-H-HG12    123.500      8.750      0.740         1229 
      I29N-H-HG13    123.500      8.750      0.570         1017 
       I29N-H-HG2    123.500      8.750      0.510          827 
      I29N-H-T30H    123.500      8.750      8.810         8321 
     I29N-H-T30HA    123.500      8.750      4.650          250 
    I29N-H-V57HG1    123.500      8.750      0.480          525 
      T30N-H-R5HA    123.200      8.810      5.280           65 
       T30N-H-C6H    123.200      8.810      9.150          867 
      T30N-H-I29H    123.200      8.810      8.750        -3716 
     T30N-H-I29HA    123.200      8.810      4.410         7491 
     T30N-H-I29HB    123.200      8.810      1.460          572 
    T30N-H-I29HD1    123.200      8.810     -0.170          294 
   T30N-H-I29HG12    123.200      8.810      0.740          127 
   T30N-H-I29HG13    123.200      8.810      0.570          697 
    T30N-H-I29HG2    123.200      8.810      0.510         3558 
         T30N-H-H    123.200      8.810      8.810        65641 
        T30N-H-HA    123.200      8.810      4.650         1375 
        T30N-H-HB    123.200      8.810      4.010         3761 
       T30N-H-HG2    123.200      8.810      1.100          721 
      T30N-H-L31H    123.200      8.810      8.960         4781 
     T30N-H-L31HA    123.200      8.810      4.280          236 
    T30N-H-G42HA3    123.200      8.810      3.730           92 
      T30N-H-E43H    123.200      8.810      8.990         2209 
       L31N-H-A4H    127.400      8.960      7.950          362 
      L31N-H-A4HB    127.400      8.960      1.400          428 
       L31N-H-R5H    127.400      8.960      8.470         -139 
      L31N-H-R5HA    127.400      8.960      5.280         1692 
       L31N-H-C6H    127.400      8.960      9.150           50 
    L31N-H-I29HG2    127.400      8.960      0.510          660 
      L31N-H-T30H    127.400      8.960      8.810         1569 
     L31N-H-T30HA    127.400      8.960      4.650        10223 
     L31N-H-T30HB    127.400      8.960      4.010          431 
    L31N-H-T30HG2    127.400      8.960      1.100         3473 
         L31N-H-H    127.400      8.960      8.960        74116 
        L31N-H-HA    127.400      8.960      4.280         1915 
       L31N-H-HB2    127.400      8.960      1.820         3901 
       L31N-H-HB3    127.400      8.960      0.910         1582 
       L31N-H-HD1    127.400      8.960      0.560          982 
       L31N-H-HD2    127.400      8.960      1.020         1130 
        L31N-H-HG    127.400      8.960      1.590         4807 
      L31N-H-L32H    127.400      8.960      9.190          437 
     L31N-H-L32HA    127.400      8.960      4.460          -58 
    L31N-H-L32HD2    127.400      8.960      0.740          219 
    L31N-H-G42HA2    127.400      8.960      4.990          115 
    L32N-H-I29HG2    122.900      9.190      0.510            0 
      L32N-H-L31H    122.900      9.190      8.960          267 
     L32N-H-L31HA    122.900      9.190      4.280         3901 
    L32N-H-L31HB2    122.900      9.190      1.820          235 
    L32N-H-L31HB3    122.900      9.190      0.910          636 
    L32N-H-L31HD1    122.900      9.190      0.560          -21 
    L32N-H-L31HD2    122.900      9.190      1.020          347 
     L32N-H-L31HG    122.900      9.190      1.590          259 
         L32N-H-H    122.900      9.190      9.190        25594 
        L32N-H-HA    122.900      9.190      4.460          429 
       L32N-H-HB2    122.900      9.190      1.350          846 
       L32N-H-HB3    122.900      9.190      1.230         1119 
       L32N-H-HD1    122.900      9.190      0.650          231 
       L32N-H-HD2    122.900      9.190      0.740          164 
        L32N-H-HG    122.900      9.190      1.440         1172 
      L32N-H-Q33H    122.900      9.190      7.520         2462 
     L32N-H-Q33HA    122.900      9.190      4.550         -139 
    L32N-H-W40HB3    122.900      9.190      2.350          114 
      L32N-H-E41H    122.900      9.190      8.010            5 
     L32N-H-E41HA    122.900      9.190      4.310         2308 
    L32N-H-E41HB2    122.900      9.190      1.330          893 
      L32N-H-G42H    122.900      9.190      9.130        12255 
    L32N-H-G42HA2    122.900      9.190      4.990         1757 
    L32N-H-G42HA3    122.900      9.190      3.730          597 
     Q33N-H-L31HA    114.900      7.520      4.280          488 
    Q33N-H-L31HB2    114.900      7.520      1.820          801 
    Q33N-H-L31HB3    114.900      7.520      0.910          534 
    Q33N-H-L31HD2    114.900      7.520      1.020          515 
      Q33N-H-L32H    114.900      7.520      9.190         4991 
     Q33N-H-L32HA    114.900      7.520      4.460          417 
    Q33N-H-L32HB2    114.900      7.520      1.350         3257 
    Q33N-H-L32HB3    114.900      7.520      1.230         2224 
    Q33N-H-L32HD1    114.900      7.520      0.650          389 
    Q33N-H-L32HD2    114.900      7.520      0.740          124 
     Q33N-H-L32HG    114.900      7.520      1.440          264 
         Q33N-H-H    114.900      7.520      7.520       102376 
        Q33N-H-HA    114.900      7.520      4.550         2275 
       Q33N-H-HB2    114.900      7.520      2.170          849 
       Q33N-H-HB3    114.900      7.520      1.780         1830 
       Q33N-H-HG2    114.900      7.520      2.300         1048 
       Q33N-H-HG3    114.900      7.520      2.230         1043 
      Q33N-H-V34H    114.900      7.520      8.550          578 
     Q33N-H-V34HA    114.900      7.520      4.170          192 
    Q33N-H-V34HG1    114.900      7.520     -0.380          225 
    Q33N-H-V34HG2    114.900      7.520      0.490          279 
    Q33N-H-P35HD3    114.900      7.520      3.640          153 
    Q33N-H-W40HB3    114.900      7.520      2.350          228 
      Q33N-H-E41H    114.900      7.520      8.010         1644 
   Q33NE2-HE21-HA    115.600      8.160      4.550           66 
  Q33NE2-HE21-HB2    115.600      8.160      2.170          796 
  Q33NE2-HE21-HB3    115.600      8.160      1.780          232 
 Q33NE2-HE21-HE21    115.600      8.160      8.160        55726 
 Q33NE2-HE21-HE22    115.600      8.160      7.130        23139 
  Q33NE2-HE21-HG2    115.600      8.160      2.300         1856 
  Q33NE2-HE21-HG3    115.600      8.160      2.230         1507 
  Q33NE2-HE22-HB2    115.600      7.130      2.170          193 
  Q33NE2-HE22-HB3    115.600      7.130      1.780           27 
 Q33NE2-HE22-HE21    115.600      7.130      8.160        20389 
 Q33NE2-HE22-HE22    115.600      7.130      7.130        50577 
  Q33NE2-HE22-HG2    115.600      7.130      2.300          634 
  Q33NE2-HE22-HG3    115.600      7.130      2.230          351 
      V34N-H-Q33H    115.700      8.550      7.520           23 
     V34N-H-Q33HA    115.700      8.550      4.550        10005 
    V34N-H-Q33HB2    115.700      8.550      2.170         1243 
    V34N-H-Q33HB3    115.700      8.550      1.780         1086 
    V34N-H-Q33HG2    115.700      8.550      2.300          520 
    V34N-H-Q33HG3    115.700      8.550      2.230          312 
         V34N-H-H    115.700      8.550      8.550        88143 
        V34N-H-HA    115.700      8.550      4.170         1259 
        V34N-H-HB    115.700      8.550      1.340         1077 
       V34N-H-HG1    115.700      8.550     -0.380         1075 
       V34N-H-HG2    115.700      8.550      0.490         6383 
     V34N-H-P35HA    115.700      8.550      4.730          283 
    V34N-H-P35HD2    115.700      8.550      4.080          502 
    V34N-H-P35HD3    115.700      8.550      3.640         1269 
     D36N-H-P35HA    117.600      8.390      4.730         9397 
    D36N-H-P35HB2    117.600      8.390      2.460         3658 
    D36N-H-P35HB3    117.600      8.390      2.460         3658 
    D36N-H-P35HD2    117.600      8.390      4.080          232 
    D36N-H-P35HD3    117.600      8.390      3.640          267 
    D36N-H-P35HG2    117.600      8.390      2.610          707 
    D36N-H-P35HG3    117.600      8.390      2.350           55 
         D36N-H-H    117.600      8.390      8.390        98653 
        D36N-H-HA    117.600      8.390      4.830         3784 
       D36N-H-HB2    117.600      8.390      2.820         2154 
       D36N-H-HB3    117.600      8.390      2.720         6191 
      D36N-H-G37H    117.600      8.390      8.790          849 
      G37N-H-D36H    109.700      8.790      8.390         -175 
     G37N-H-D36HA    109.700      8.790      4.830         2679 
    G37N-H-D36HB2    109.700      8.790      2.820          190 
    G37N-H-D36HB3    109.700      8.790      2.720         -233 
         G37N-H-H    109.700      8.790      8.790          375 
       G37N-H-HA2    109.700      8.790      4.590          -55 
       G37N-H-HA3    109.700      8.790      3.890          199 
      G37N-H-G38H    109.700      8.790      9.250          -25 
    G37N-H-W40HE1    109.700      8.790      9.410           40 
      G38N-H-G37H    108.800      9.250      8.790          186 
    G38N-H-G37HA2    108.800      9.250      4.590          151 
    G38N-H-G37HA3    108.800      9.250      3.890          269 
         G38N-H-H    108.800      9.250      9.250         7833 
       G38N-H-HA2    108.800      9.250      4.140          394 
       G38N-H-HA3    108.800      9.250      3.500         1747 
      G38N-H-W39H    108.800      9.250      8.270          789 
     G38N-H-W39HA    108.800      9.250      4.970          -79 
      W39N-H-G38H    122.200      8.270      9.250          810 
    W39N-H-G38HA2    122.200      8.270      4.140          554 
    W39N-H-G38HA3    122.200      8.270      3.500          682 
         W39N-H-H    122.200      8.270      8.270        68979 
        W39N-H-HA    122.200      8.270      4.970         1075 
       W39N-H-HB2    122.200      8.270      3.170          529 
       W39N-H-HB3    122.200      8.270      2.970         2483 
       W39N-H-HD1    122.200      8.270      7.140         1131 
       W39N-H-HE3    122.200      8.270      7.240           25 
      W39N-H-W40H    122.200      8.270      8.840          296 
     W39N-H-W40HA    122.200      8.270      5.260         -158 
     W39N-H-P53HA    122.200      8.270      3.660           86 
   W39NE1-HE1-HB2    129.900     10.150      3.170          248 
   W39NE1-HE1-HB3    129.900     10.150      2.970          118 
   W39NE1-HE1-HD1    129.900     10.150      7.140         2364 
   W39NE1-HE1-HE1    129.900     10.150     10.150        34168 
   W39NE1-HE1-HE3    129.900     10.150      7.240          119 
   W39NE1-HE1-HH2    129.900     10.150      7.270          124 
   W39NE1-HE1-HZ2    129.900     10.150      7.490         1133 
   W39NE1-HE1-HZ3    129.900     10.150      6.810         -118 
    W40N-H-L31HD2    124.600      8.840      1.020          106 
      W40N-H-W39H    124.600      8.840      8.270           20 
     W40N-H-W39HA    124.600      8.840      4.970         6525 
    W40N-H-W39HB2    124.600      8.840      3.170          350 
    W40N-H-W39HB3    124.600      8.840      2.970          732 
    W40N-H-W39HE3    124.600      8.840      7.240          451 
         W40N-H-H    124.600      8.840      8.840        39682 
        W40N-H-HA    124.600      8.840      5.260         1213 
       W40N-H-HB2    124.600      8.840      2.950          968 
       W40N-H-HB3    124.600      8.840      2.350         1910 
       W40N-H-HD1    124.600      8.840      7.420          272 
       W40N-H-HE3    124.600      8.840      7.380          293 
      W40N-H-E41H    124.600      8.840      8.010         -258 
     W40N-H-E41HA    124.600      8.840      4.310         -161 
      W40N-H-F52H    124.600      8.840      9.070         1573 
     W40N-H-F52HA    124.600      8.840      4.950         5310 
     W40N-H-P53HA    124.600      8.840      3.660          313 
      W40N-H-A54H    124.600      8.840      7.690          472 
 W40NE1-HE1-V34HA    127.300      9.410      4.170         1096 
 W40NE1-HE1-V34HB    127.300      9.410      1.340         1158 
W40NE1-HE1-V34HG1    127.300      9.410     -0.380         1460 
W40NE1-HE1-V34HG2    127.300      9.410      0.490          324 
W40NE1-HE1-P35HD2    127.300      9.410      4.080         -168 
  W40NE1-HE1-G37H    127.300      9.410      8.790          657 
    W40NE1-HE1-HA    127.300      9.410      5.260           39 
   W40NE1-HE1-HB2    127.300      9.410      2.950          -87 
   W40NE1-HE1-HB3    127.300      9.410      2.350          -54 
   W40NE1-HE1-HD1    127.300      9.410      7.420         4787 
   W40NE1-HE1-HE1    127.300      9.410      9.410        87341 
   W40NE1-HE1-HE3    127.300      9.410      7.380         3590 
   W40NE1-HE1-HH2    127.300      9.410      7.070          361 
   W40NE1-HE1-HZ2    127.300      9.410      7.310         2759 
   W40NE1-HE1-HZ3    127.300      9.410      6.830          284 
     E41N-H-L31HA    120.300      8.010      4.280          924 
    E41N-H-L31HB3    120.300      8.010      0.910           36 
    E41N-H-L31HD2    120.300      8.010      1.020          374 
      E41N-H-L32H    120.300      8.010      9.190          126 
    E41N-H-L32HB2    120.300      8.010      1.350         1630 
      E41N-H-Q33H    120.300      8.010      7.520         2028 
    E41N-H-P35HD2    120.300      8.010      4.080          586 
    E41N-H-P35HD3    120.300      8.010      3.640           36 
      E41N-H-W40H    120.300      8.010      8.840          117 
     E41N-H-W40HA    120.300      8.010      5.260         5380 
    E41N-H-W40HB2    120.300      8.010      2.950         3805 
    E41N-H-W40HB3    120.300      8.010      2.350         1287 
    E41N-H-W40HD1    120.300      8.010      7.420          268 
         E41N-H-H    120.300      8.010      8.010        81011 
        E41N-H-HA    120.300      8.010      4.310         1145 
       E41N-H-HB2    120.300      8.010      1.330         2508 
       E41N-H-HB3    120.300      8.010     -0.980         1692 
       E41N-H-HG2    120.300      8.010      1.570           67 
       E41N-H-HG3    120.300      8.010      0.730          130 
      E41N-H-G42H    120.300      8.010      9.130          462 
    E41N-H-G42HA2    120.300      8.010      4.990           11 
    G42N-H-L21HD2    113.800      9.130      0.900          612 
    G42N-H-I29HG2    113.800      9.130      0.510          394 
     G42N-H-L31HA    113.800      9.130      4.280         4428 
      G42N-H-L32H    113.800      9.130      9.190         2975 
    G42N-H-L32HD1    113.800      9.130      0.650          774 
     G42N-H-L32HG    113.800      9.130      1.440          220 
      G42N-H-E41H    113.800      9.130      8.010          338 
     G42N-H-E41HA    113.800      9.130      4.310         5418 
    G42N-H-E41HB2    113.800      9.130      1.330          166 
    G42N-H-E41HB3    113.800      9.130     -0.980          268 
    G42N-H-E41HG2    113.800      9.130      1.570         2117 
    G42N-H-E41HG3    113.800      9.130      0.730          937 
         G42N-H-H    113.800      9.130      9.130        48690 
       G42N-H-HA2    113.800      9.130      4.990         1682 
       G42N-H-HA3    113.800      9.130      3.730         2692 
      G42N-H-E43H    113.800      9.130      8.990         3005 
     G42N-H-E43HA    113.800      9.130      5.540          244 
     G42N-H-R49HA    113.800      9.130      5.770          899 
      G42N-H-G50H    113.800      9.130      8.710         2182 
    G42N-H-G50HA2    113.800      9.130      4.510           79 
    G42N-H-G50HA3    113.800      9.130      4.390          417 
     G42N-H-W51HA    113.800      9.130      5.770          899 
     E43N-H-I29HA    117.600      8.990      4.410          246 
    E43N-H-I29HG2    117.600      8.990      0.510         3639 
      E43N-H-T30H    117.600      8.990      8.810          985 
     E43N-H-T30HB    117.600      8.990      4.010         1085 
    E43N-H-T30HG2    117.600      8.990      1.100          220 
     E43N-H-L31HA    117.600      8.990      4.280          404 
    E43N-H-L32HD1    117.600      8.990      0.650          445 
    E43N-H-L32HD2    117.600      8.990      0.740          524 
     E43N-H-L32HG    117.600      8.990      1.440          961 
      E43N-H-G42H    117.600      8.990      9.130          410 
    E43N-H-G42HA2    117.600      8.990      4.990         4927 
    E43N-H-G42HA3    117.600      8.990      3.730         3767 
         E43N-H-H    117.600      8.990      8.990        64565 
        E43N-H-HA    117.600      8.990      5.540         1463 
       E43N-H-HB2    117.600      8.990      1.920         2871 
       E43N-H-HB3    117.600      8.990      1.920         2871 
       E43N-H-HG2    117.600      8.990      2.410          802 
       E43N-H-HG3    117.600      8.990      2.030          419 
      E43N-H-K44H    117.600      8.990      9.140          410 
     E43N-H-K44HA    117.600      8.990      4.780           56 
     E43N-H-R49HA    117.600      8.990      5.770          -50 
    K44N-H-L21HD1    124.700      9.140      0.910         1066 
    K44N-H-L21HD2    124.700      9.140      0.900         1033 
      K44N-H-E43H    124.700      9.140      8.990         3694 
     K44N-H-E43HA    124.700      9.140      5.540         9931 
    K44N-H-E43HB2    124.700      9.140      1.920         1586 
    K44N-H-E43HB3    124.700      9.140      1.920         1586 
    K44N-H-E43HG2    124.700      9.140      2.410         1301 
    K44N-H-E43HG3    124.700      9.140      2.030         1359 
         K44N-H-H    124.700      9.140      9.140        78783 
        K44N-H-HA    124.700      9.140      4.780         1841 
       K44N-H-HB2    124.700      9.140      2.310         3978 
       K44N-H-HB3    124.700      9.140      2.310         3978 
       K44N-H-HD2    124.700      9.140      2.050          970 
       K44N-H-HG2    124.700      9.140      1.790         3265 
       K44N-H-HG3    124.700      9.140      1.390         1083 
      K44N-H-E45H    124.700      9.140      9.370         -653 
     K44N-H-E45HA    124.700      9.140      4.070          188 
      K44N-H-D46H    124.700      9.140      7.820          130 
      K44N-H-G47H    124.700      9.140      8.060          804 
    K44N-H-G47HA2    124.700      9.140      4.340          219 
      K44N-H-L48H    124.700      9.140      7.900          663 
     K44N-H-L48HA    124.700      9.140      4.310          180 
    K44N-H-L48HB2    124.700      9.140      1.840         1268 
      K44N-H-R49H    124.700      9.140      8.340          409 
     K44N-H-R49HA    124.700      9.140      5.770          922 
      E45N-H-K44H    121.700      9.370      9.140         2150 
     E45N-H-K44HA    121.700      9.370      4.780        12763 
    E45N-H-K44HB2    121.700      9.370      2.310         6602 
    E45N-H-K44HB3    121.700      9.370      2.310         6602 
    E45N-H-K44HD3    121.700      9.370      1.870          375 
    E45N-H-K44HG2    121.700      9.370      1.790          622 
    E45N-H-K44HG3    121.700      9.370      1.390          464 
         E45N-H-H    121.700      9.370      9.370        87019 
        E45N-H-HA    121.700      9.370      4.070         2965 
       E45N-H-HB2    121.700      9.370      2.150         7870 
       E45N-H-HB3    121.700      9.370      2.150         7870 
       E45N-H-HG2    121.700      9.370      2.490         2388 
       E45N-H-HG3    121.700      9.370      2.310         6602 
      E45N-H-D46H    121.700      9.370      7.820         1936 
     E45N-H-D46HA    121.700      9.370      4.510           87 
    E45N-H-D46HB2    121.700      9.370      3.080         -151 
      E45N-H-G47H    121.700      9.370      8.060          238 
      D46N-H-K44H    115.400      7.820      9.140          305 
     D46N-H-K44HA    115.400      7.820      4.780         2960 
    D46N-H-K44HB2    115.400      7.820      2.310         3670 
    D46N-H-K44HB3    115.400      7.820      2.310         3670 
    D46N-H-K44HE2    115.400      7.820      3.190          568 
    D46N-H-K44HG3    115.400      7.820      1.390         -258 
      D46N-H-E45H    115.400      7.820      9.370         2058 
     D46N-H-E45HA    115.400      7.820      4.070         1202 
    D46N-H-E45HB2    115.400      7.820      2.150         1990 
    D46N-H-E45HB3    115.400      7.820      2.150         1990 
    D46N-H-E45HG2    115.400      7.820      2.490          377 
         D46N-H-H    115.400      7.820      7.820        92841 
        D46N-H-HA    115.400      7.820      4.510         2201 
       D46N-H-HB2    115.400      7.820      3.080         1068 
       D46N-H-HB3    115.400      7.820      2.630         2764 
      D46N-H-G47H    115.400      7.820      8.060         3124 
    D46N-H-G47HA2    115.400      7.820      4.340          -36 
    D46N-H-G47HA3    115.400      7.820      3.700          295 
      D46N-H-L48H    115.400      7.820      7.900        -3087 
      G47N-H-K44H    108.100      8.060      9.140          606 
     G47N-H-K44HA    108.100      8.060      4.780           37 
    G47N-H-K44HB2    108.100      8.060      2.310         1061 
    G47N-H-K44HB3    108.100      8.060      2.310         1061 
      G47N-H-E45H    108.100      8.060      9.370           57 
     G47N-H-E45HA    108.100      8.060      4.070          960 
      G47N-H-D46H    108.100      8.060      7.820         4364 
     G47N-H-D46HA    108.100      8.060      4.510         1341 
    G47N-H-D46HB2    108.100      8.060      3.080          140 
    G47N-H-D46HB3    108.100      8.060      2.630          328 
         G47N-H-H    108.100      8.060      8.060       120095 
       G47N-H-HA2    108.100      8.060      4.340         2941 
       G47N-H-HA3    108.100      8.060      3.700         7354 
      G47N-H-L48H    108.100      8.060      7.900         4424 
     G47N-H-L48HA    108.100      8.060      4.310         2271 
    G47N-H-L48HB2    108.100      8.060      1.840          571 
    L48N-H-L21HD1    123.700      7.900      0.910          -96 
      L48N-H-K44H    123.700      7.900      9.140          764 
    L48N-H-K44HB3    123.700      7.900      2.310         1862 
      L48N-H-D46H    123.700      7.900      7.820          405 
     L48N-H-D46HA    123.700      7.900      4.510           -2 
    L48N-H-D46HB2    123.700      7.900      3.080          225 
    L48N-H-D46HB3    123.700      7.900      2.630          159 
      L48N-H-G47H    123.700      7.900      8.060         1925 
    L48N-H-G47HA2    123.700      7.900      4.340         2878 
    L48N-H-G47HA3    123.700      7.900      3.700          641 
         L48N-H-H    123.700      7.900      7.900       123642 
        L48N-H-HA    123.700      7.900      4.310         3020 
       L48N-H-HB2    123.700      7.900      1.840         6580 
       L48N-H-HB3    123.700      7.900      1.540         2047 
       L48N-H-HD1    123.700      7.900      1.040         1035 
       L48N-H-HD2    123.700      7.900      1.000          888 
        L48N-H-HG    123.700      7.900      1.710         3144 
      L48N-H-R49H    123.700      7.900      8.340          111 
     L48N-H-R49HA    123.700      7.900      5.770          356 
    R49N-H-L21HD1    120.700      8.340      0.910          642 
     R49N-H-E43HA    120.700      8.340      5.540         -155 
      R49N-H-K44H    120.700      8.340      9.140          385 
      R49N-H-L48H    120.700      8.340      7.900         -574 
     R49N-H-L48HA    120.700      8.340      4.310        11228 
    R49N-H-L48HB2    120.700      8.340      1.840         1446 
    R49N-H-L48HB3    120.700      8.340      1.540         1952 
    R49N-H-L48HD1    120.700      8.340      1.040         1127 
    R49N-H-L48HD2    120.700      8.340      1.000          951 
     R49N-H-L48HG    120.700      8.340      1.710         1367 
         R49N-H-H    120.700      8.340      8.340       111275 
        R49N-H-HA    120.700      8.340      5.770         1420 
       R49N-H-HB2    120.700      8.340      1.800         3707 
       R49N-H-HB3    120.700      8.340      1.800         3707 
       R49N-H-HD3    120.700      8.340      3.060          426 
       R49N-H-HG2    120.700      8.340      1.730         1607 
       R49N-H-HG3    120.700      8.340      1.580         1914 
      R49N-H-G50H    120.700      8.340      8.710         1166 
    R49N-H-G50HA2    120.700      8.340      4.510          -50 
    R49N-H-G50HA3    120.700      8.340      4.390           50 
    G50N-H-L21HB2    109.200      8.710      2.130          173 
    G50N-H-L21HD1    109.200      8.710      0.910         2372 
    G50N-H-L21HD2    109.200      8.710      0.900         2433 
     G50N-H-E41HA    109.200      8.710      4.310          486 
      G50N-H-G42H    109.200      8.710      9.130         1309 
    G50N-H-G42HA2    109.200      8.710      4.990         -259 
    G50N-H-G42HA3    109.200      8.710      3.730           18 
     G50N-H-E43HA    109.200      8.710      5.540          564 
      G50N-H-R49H    109.200      8.710      8.340           53 
     G50N-H-R49HA    109.200      8.710      5.770         6013 
    G50N-H-R49HB2    109.200      8.710      1.800         1357 
    G50N-H-R49HB3    109.200      8.710      1.800         1357 
    G50N-H-R49HG2    109.200      8.710      1.730          604 
    G50N-H-R49HG3    109.200      8.710      1.580         1028 
         G50N-H-H    109.200      8.710      8.710        56271 
       G50N-H-HA2    109.200      8.710      4.510         1070 
       G50N-H-HA3    109.200      8.710      4.390         1212 
      G50N-H-W51H    109.200      8.710      9.020          808 
     G50N-H-W51HA    109.200      8.710      5.770         6013 
    W51N-H-L21HB2    120.600      9.020      2.130         2663 
    W51N-H-L21HB3    120.600      9.020      1.130          768 
    W51N-H-L21HD2    120.600      9.020      0.900          151 
      W51N-H-G50H    120.600      9.020      8.710          727 
    W51N-H-G50HA2    120.600      9.020      4.510         3429 
    W51N-H-G50HA3    120.600      9.020      4.390         4981 
         W51N-H-H    120.600      9.020      9.020        55357 
        W51N-H-HA    120.600      9.020      5.770         1454 
       W51N-H-HB2    120.600      9.020      2.850         1005 
       W51N-H-HB3    120.600      9.020      2.850         1005 
       W51N-H-HD1    120.600      9.020      7.510         2862 
       W51N-H-HE3    120.600      9.020      7.150          129 
      W51N-H-F52H    120.600      9.020      9.070        12004 
     W51N-H-F52HA    120.600      9.020      4.950           33 
   W51NE1-HE1-HB2    130.000     10.030      2.850         -206 
   W51NE1-HE1-HB3    130.000     10.030      2.850         -206 
   W51NE1-HE1-HD1    130.000     10.030      7.510         4651 
   W51NE1-HE1-HE1    130.000     10.030     10.030        86883 
   W51NE1-HE1-HE3    130.000     10.030      7.150          337 
   W51NE1-HE1-HH2    130.000     10.030      6.980          132 
   W51NE1-HE1-HZ2    130.000     10.030      7.370         2036 
   W51NE1-HE1-HZ3    130.000     10.030      7.070          107 
    F52N-H-W39HE3    116.800      9.070      7.240          623 
      F52N-H-W40H    116.800      9.070      8.840         2060 
     F52N-H-E41HA    116.800      9.070      4.310          663 
      F52N-H-W51H    116.800      9.070      9.020        21956 
     F52N-H-W51HA    116.800      9.070      5.770         6491 
    F52N-H-W51HB2    116.800      9.070      2.850         1379 
    F52N-H-W51HB3    116.800      9.070      2.850         1379 
    F52N-H-W51HE3    116.800      9.070      7.150         1601 
         F52N-H-H    116.800      9.070      9.070        52422 
        F52N-H-HA    116.800      9.070      4.950         1474 
       F52N-H-HB2    116.800      9.070      3.340          546 
       F52N-H-HB3    116.800      9.070      2.640          225 
       F52N-H-HD1    116.800      9.070      7.060         1475 
       F52N-H-HD2    116.800      9.070      7.060         1475 
     F52N-H-P53HA    116.800      9.070      3.660           55 
    F52N-H-P53HD2    116.800      9.070      1.920           25 
    F52N-H-P53HD3    116.800      9.070      1.830           79 
     A54N-H-W39HA    129.500      7.690      4.970         2595 
      A54N-H-W40H    129.500      7.690      8.840          370 
    A54N-H-W40HE3    129.500      7.690      7.380          589 
     A54N-H-P53HA    129.500      7.690      3.660        11904 
    A54N-H-P53HB2    129.500      7.690      1.300          367 
    A54N-H-P53HB3    129.500      7.690      1.140          292 
    A54N-H-P53HD2    129.500      7.690      1.920          -22 
    A54N-H-P53HD3    129.500      7.690      1.830          157 
    A54N-H-P53HG2    129.500      7.690      0.330           88 
    A54N-H-P53HG3    129.500      7.690      0.210           -0 
         A54N-H-H    129.500      7.690      7.690       116514 
        A54N-H-HA    129.500      7.690      2.870         3266 
        A54N-H-HB    129.500      7.690     -0.400         9569 
      A54N-H-S55H    129.500      7.690      7.750         4527 
     A54N-H-S55HA    129.500      7.690      4.180          109 
      A54N-H-Y56H    129.500      7.690      8.200         -231 
      A54N-H-V57H    129.500      7.690      7.470          710 
    A54N-H-V57HG2    129.500      7.690      1.210          262 
     S55N-H-P53HA    107.100      7.750      3.660          231 
    S55N-H-P53HB2    107.100      7.750      1.300          436 
    S55N-H-P53HB3    107.100      7.750      1.140          599 
      S55N-H-A54H    107.100      7.750      7.690        10960 
     S55N-H-A54HA    107.100      7.750      2.870          753 
     S55N-H-A54HB    107.100      7.750     -0.400         2204 
         S55N-H-H    107.100      7.750      7.750        68530 
        S55N-H-HA    107.100      7.750      4.180         1677 
       S55N-H-HB2    107.100      7.750      4.120         1323 
       S55N-H-HB3    107.100      7.750      3.790         2398 
      S55N-H-Y56H    107.100      7.750      8.200         1407 
     S55N-H-Y56HA    107.100      7.750      4.800          981 
    S55N-H-Y56HB2    107.100      7.750      3.650          231 
      S55N-H-V57H    107.100      7.750      7.470         -220 
    S55N-H-V57HG2    107.100      7.750      1.210          427 
     Y56N-H-P53HA    121.400      8.200      3.660         2351 
    Y56N-H-P53HB2    121.400      8.200      1.300          145 
    Y56N-H-P53HB3    121.400      8.200      1.140         1483 
    Y56N-H-P53HD2    121.400      8.200      1.920          267 
    Y56N-H-P53HG2    121.400      8.200      0.330         -111 
      Y56N-H-A54H    121.400      8.200      7.690          174 
     Y56N-H-A54HA    121.400      8.200      2.870          820 
     Y56N-H-A54HB    121.400      8.200     -0.400          418 
      Y56N-H-S55H    121.400      8.200      7.750         2096 
     Y56N-H-S55HA    121.400      8.200      4.180         1172 
    Y56N-H-S55HB2    121.400      8.200      4.120          676 
    Y56N-H-S55HB3    121.400      8.200      3.790          240 
         Y56N-H-H    121.400      8.200      8.200        96948 
        Y56N-H-HA    121.400      8.200      4.800         2592 
       Y56N-H-HB2    121.400      8.200      3.650         2351 
       Y56N-H-HB3    121.400      8.200      3.570         6242 
       Y56N-H-HD1    121.400      8.200      7.270         2508 
       Y56N-H-HD2    121.400      8.200      7.270         2508 
      Y56N-H-V57H    121.400      8.200      7.470         4549 
     Y56N-H-V57HA    121.400      8.200      5.190           26 
    Y56N-H-V57HG1    121.400      8.200      0.480          417 
    Y56N-H-V57HG2    121.400      8.200      1.210         1017 
     V57N-H-L9HD1    109.300      7.470      0.660          645 
      V57N-H-A54H    109.300      7.470      7.690          561 
     V57N-H-A54HA    109.300      7.470      2.870          544 
     V57N-H-A54HB    109.300      7.470     -0.400           62 
      V57N-H-S55H    109.300      7.470      7.750           44 
     V57N-H-S55HA    109.300      7.470      4.180          104 
      V57N-H-Y56H    109.300      7.470      8.200         2571 
     V57N-H-Y56HA    109.300      7.470      4.800          953 
    V57N-H-Y56HB2    109.300      7.470      3.650          263 
    V57N-H-Y56HB3    109.300      7.470      3.570          191 
    V57N-H-Y56HD1    109.300      7.470      7.270         -140 
         V57N-H-H    109.300      7.470      7.470        92177 
        V57N-H-HA    109.300      7.470      5.190         1654 
        V57N-H-HB    109.300      7.470      1.700          419 
       V57N-H-HG1    109.300      7.470      0.480         1656 
       V57N-H-HG2    109.300      7.470      1.210         5973 
      V57N-H-Q58H    109.300      7.470      8.770           63 
     V57N-H-Q58HA    109.300      7.470      4.810          953 
      Q58N-H-C6HA    119.700      8.770      5.380         3993 
     Q58N-H-C6HB3    119.700      8.770      2.510         2807 
       Q58N-H-R7H    119.700      8.770      8.790        90367 
      Q58N-H-R7HA    119.700      8.770      5.470         1147 
     Q58N-H-R7HB2    119.700      8.770      1.610         1850 
     Q58N-H-R7HB3    119.700      8.770      1.530         2172 
       Q58N-H-T8H    119.700      8.770      9.140         1138 
      Q58N-H-T8HA    119.700      8.770      4.290          509 
     Q58N-H-T8HG2    119.700      8.770     -0.190          -17 
       Q58N-H-L9H    119.700      8.770      9.340          927 
     Q58N-H-L9HD1    119.700      8.770      0.660          360 
     Q58N-H-L9HD2    119.700      8.770      0.630          566 
      Q58N-H-L9HG    119.700      8.770      1.240         1092 
      Q58N-H-V57H    119.700      8.770      7.470          118 
     Q58N-H-V57HA    119.700      8.770      5.190         4813 
     Q58N-H-V57HB    119.700      8.770      1.700         3133 
    Q58N-H-V57HG1    119.700      8.770      0.480          563 
    Q58N-H-V57HG2    119.700      8.770      1.210         1113 
         Q58N-H-H    119.700      8.770      8.770        76886 
        Q58N-H-HA    119.700      8.770      4.810         1279 
       Q58N-H-HB2    119.700      8.770      1.950         2615 
       Q58N-H-HB3    119.700      8.770      1.950         2615 
       Q58N-H-HG2    119.700      8.770      2.350          468 
       Q58N-H-HG3    119.700      8.770      2.300          760 
      Q58N-H-L59H    119.700      8.770      9.000         2442 
     Q58N-H-L59HA    119.700      8.770      4.300          447 
Q58NE2-HE21-L9HD2    112.300      7.640      0.630          -19 
   Q58NE2-HE21-HA    112.300      7.640      4.810         1999 
  Q58NE2-HE21-HB2    112.300      7.640      1.950           99 
  Q58NE2-HE21-HB3    112.300      7.640      1.950           99 
 Q58NE2-HE21-HE21    112.300      7.640      7.640        85468 
 Q58NE2-HE21-HE22    112.300      7.640      6.860        29781 
  Q58NE2-HE21-HG2    112.300      7.640      2.350          408 
  Q58NE2-HE21-HG3    112.300      7.640      2.300          275 
  Q58NE2-HE22-HB2    112.300      6.860      1.950           86 
  Q58NE2-HE22-HB3    112.300      6.860      1.950           86 
 Q58NE2-HE22-HE21    112.300      6.860      7.640        25091 
 Q58NE2-HE22-HE22    112.300      6.860      6.860        55742 
  Q58NE2-HE22-HG2    112.300      6.860      2.350          111 
  Q58NE2-HE22-HG3    112.300      6.860      2.300          371 
      L59N-H-C6HA    128.900      9.000      5.380          296 
       L59N-H-R7H    128.900      9.000      8.790          958 
     L59N-H-V57HB    128.900      9.000      1.700         2967 
    L59N-H-V57HG2    128.900      9.000      1.210          501 
      L59N-H-Q58H    128.900      9.000      8.770          691 
     L59N-H-Q58HA    128.900      9.000      4.810        13965 
    L59N-H-Q58HB2    128.900      9.000      1.950         1777 
    L59N-H-Q58HB3    128.900      9.000      1.950         1777 
    L59N-H-Q58HG2    128.900      9.000      2.350         1169 
    L59N-H-Q58HG3    128.900      9.000      2.300         1098 
         L59N-H-H    128.900      9.000      9.000        89741 
        L59N-H-HA    128.900      9.000      4.300         2105 
       L59N-H-HB2    128.900      9.000      1.840         1173 
       L59N-H-HB3    128.900      9.000      1.760         7691 
       L59N-H-HD1    128.900      9.000      1.000          844 
       L59N-H-HD2    128.900      9.000      0.900          484 
        L59N-H-HG    128.900      9.000      1.900         3715 
      L59N-H-L60H    128.900      9.000      8.000          226 
     L59N-H-L60HA    128.900      9.000      4.210          155 
       L60N-H-R5H    129.100      8.000      8.470          370 
      L60N-H-C6HA    129.100      8.000      5.380         3634 
     L60N-H-C6HB3    129.100      8.000      2.510          373 
       L60N-H-R7H    129.100      8.000      8.790          425 
      L60N-H-L59H    129.100      8.000      9.000          243 
     L60N-H-L59HA    129.100      8.000      4.300         7989 
    L60N-H-L59HB2    129.100      8.000      1.840          191 
    L60N-H-L59HB3    129.100      8.000      1.760         2141 
    L60N-H-L59HD1    129.100      8.000      1.000          247 
    L60N-H-L59HD2    129.100      8.000      0.900          362 
     L60N-H-L59HG    129.100      8.000      1.900          394 
         L60N-H-H    129.100      8.000      8.000        89084 
        L60N-H-HA    129.100      8.000      4.210         1569 
       L60N-H-HB2    129.100      8.000      1.560         1562 
       L60N-H-HB3    129.100      8.000      1.450         4419 
       L60N-H-HD1    129.100      8.000      0.760          865 
       L60N-H-HD2    129.100      8.000      0.790          875 
        L60N-H-HG    129.100      8.000      1.510         4109 
