      Assignment         w1         w2         w3   Data Height 

       M3N-H-H2HA    123.800      8.420      4.690         4114 
      M3N-H-H2HB2    123.800      8.420      3.110         -330 
      M3N-H-H2HB3    123.800      8.420      3.150          -55 
          M3N-H-H    123.800      8.420      8.420         8599 
         M3N-H-HA    123.800      8.420      4.780        55409 
        M3N-H-HB2    123.800      8.420      1.920          935 
        M3N-H-HB3    123.800      8.420      2.040           -6 
        M3N-H-HG2    123.800      8.420      2.500           61 
        M3N-H-HG3    123.800      8.420      2.590          360 
       M3N-H-P4HA    123.800      8.420      4.500          247 
      M3N-H-P4HD2    123.800      8.420      3.690          366 
      M3N-H-P4HD3    123.800      8.420      3.790          117 
       T5N-H-P4HA    114.500      8.270      4.500        14656 
      T5N-H-P4HB2    114.500      8.270      1.960         1101 
      T5N-H-P4HB3    114.500      8.270      2.310         1020 
      T5N-H-P4HD2    114.500      8.270      3.690          734 
      T5N-H-P4HD3    114.500      8.270      3.790          225 
      T5N-H-P4HG2    114.500      8.270      1.990          822 
      T5N-H-P4HG3    114.500      8.270      2.020          621 
          T5N-H-H    114.500      8.270      8.270       156369 
         T5N-H-HA    114.500      8.270      4.380         3681 
         T5N-H-HB    114.500      8.270      4.250         3181 
        T5N-H-HG2    114.500      8.270      1.230         2587 
        T5N-H-S6H    114.500      8.270      8.470         2972 
       T5N-H-S6HA    114.500      8.270      4.500        14656 
        S6N-H-T5H    118.200      8.470      8.270         -213 
       S6N-H-T5HA    118.200      8.470      4.380         7123 
       S6N-H-T5HB    118.200      8.470      4.250         2037 
      S6N-H-T5HG2    118.200      8.470      1.230         1567 
          S6N-H-H    118.200      8.470      8.470        67852 
         S6N-H-HA    118.200      8.470      4.500         2177 
        S6N-H-HB2    118.200      8.470      3.890         2749 
        S6N-H-HB3    118.200      8.470      3.940         2418 
        S6N-H-E7H    118.200      8.470      8.610         1595 
       S6N-H-E7HA    118.200      8.470      4.250         2037 
        E7N-H-S6H    123.100      8.610      8.470        -2620 
       E7N-H-S6HA    123.100      8.610      4.500         9020 
      E7N-H-S6HB2    123.100      8.610      3.890         1044 
      E7N-H-S6HB3    123.100      8.610      3.940         1754 
          E7N-H-H    123.100      8.610      8.610       110862 
         E7N-H-HA    123.100      8.610      4.250         4527 
        E7N-H-HB2    123.100      8.610      1.950         3595 
        E7N-H-HB3    123.100      8.610      2.100         2722 
        E7N-H-HG2    123.100      8.610      2.280         1594 
        E7N-H-HG3    123.100      8.610      2.280         1594 
        E7N-H-E8H    123.100      8.610      8.390           90 
        E8N-H-E7H    120.200      8.390      8.610         4042 
       E8N-H-E7HA    120.200      8.390      4.250        18089 
      E8N-H-E7HB2    120.200      8.390      1.950        11117 
      E8N-H-E7HB3    120.200      8.390      2.100         4362 
      E8N-H-E7HG2    120.200      8.390      2.280         6760 
      E8N-H-E7HG3    120.200      8.390      2.280         6760 
          E8N-H-H    120.200      8.390      8.390       343381 
         E8N-H-HA    120.200      8.390      4.250        18089 
        E8N-H-HB2    120.200      8.390      1.950        11117 
        E8N-H-HB3    120.200      8.390      2.060         5811 
        E8N-H-HG2    120.200      8.390      2.270         6760 
        E8N-H-HG3    120.200      8.390      2.270         6760 
        E8N-H-D9H    120.200      8.390      8.310       -14196 
       E8N-H-L10H    120.200      8.390      7.750         -706 
     E8N-H-L10HD1    120.200      8.390      0.740          169 
      E8N-H-L10HG    120.200      8.390      1.550          368 
        D9N-H-E8H    120.300      8.310      8.390        16827 
       D9N-H-E8HA    120.300      8.310      4.250        10931 
      D9N-H-E8HB2    120.300      8.310      1.950         2023 
      D9N-H-E8HB3    120.300      8.310      2.060         2109 
      D9N-H-E8HG2    120.300      8.310      2.270         4231 
      D9N-H-E8HG3    120.300      8.310      2.270         4231 
          D9N-H-H    120.300      8.310      8.310       239664 
         D9N-H-HA    120.300      8.310      4.690         6015 
        D9N-H-HB2    120.300      8.310      2.650         6057 
        D9N-H-HB3    120.300      8.310      2.840         1799 
       D9N-H-L10H    120.300      8.310      7.750         4058 
      D9N-H-L10HA    120.300      8.310      4.250        10931 
     D9N-H-L10HD1    120.300      8.310      0.740          232 
     D9N-H-L10HD2    120.300      8.310      0.600          592 
      D9N-H-L10HG    120.300      8.310      1.550          289 
       L10N-H-E8H    120.800      7.750      8.390          -19 
      L10N-H-E8HA    120.800      7.750      4.250         7921 
       L10N-H-D9H    120.800      7.750      8.310         8490 
      L10N-H-D9HA    120.800      7.750      4.690        15605 
     L10N-H-D9HB2    120.800      7.750      2.650         2290 
     L10N-H-D9HB3    120.800      7.750      2.840         2053 
         L10N-H-H    120.800      7.750      7.750       353730 
        L10N-H-HA    120.800      7.750      4.250         7921 
       L10N-H-HB2    120.800      7.750      1.140         5777 
       L10N-H-HB3    120.800      7.750      1.640        14778 
       L10N-H-HD1    120.800      7.750      0.740         2476 
       L10N-H-HD2    120.800      7.750      0.600         3565 
        L10N-H-HG    120.800      7.750      1.550         8388 
      L10N-H-C11H    120.800      7.750      8.660          669 
     L10N-H-C11HA    120.800      7.750      4.180          711 
     L10N-H-P18HA    120.800      7.750      4.830          345 
    L10N-H-I19HD1    120.800      7.750      0.600         3565 
   L10N-H-I19HG13    120.800      7.750      1.500           55 
      C11N-H-L10H    123.900      8.660      7.750          429 
     C11N-H-L10HA    123.900      8.660      4.250        16617 
    C11N-H-L10HB2    123.900      8.660      1.140         4159 
    C11N-H-L10HB3    123.900      8.660      1.640         1854 
    C11N-H-L10HD1    123.900      8.660      0.740         2202 
    C11N-H-L10HD2    123.900      8.660      0.600         3524 
     C11N-H-L10HG    123.900      8.660      1.550         1370 
         C11N-H-H    123.900      8.660      8.660       121616 
        C11N-H-HA    123.900      8.660      4.180         5541 
       C11N-H-HB2    123.900      8.660      2.810         9397 
       C11N-H-HB3    123.900      8.660      3.550         8669 
     C11N-H-P12HA    123.900      8.660      4.060          506 
    C11N-H-P12HD2    123.900      8.660      3.920          565 
    C11N-H-P12HD3    123.900      8.660      3.870          881 
      C11N-H-I13H    123.900      8.660      8.740          495 
      C11N-H-C14H    123.900      8.660      7.740          357 
    C11N-H-C14HB2    123.900      8.660      2.720          -74 
      C11N-H-Y15H    123.900      8.660      8.280         -427 
     C11N-H-Y15HA    123.900      8.660      4.180         5541 
      C11N-H-H17H    123.900      8.660      7.290          880 
     C11N-H-H17HA    123.900      8.660      5.220         -278 
    C11N-H-H17HB2    123.900      8.660      3.150          403 
    C11N-H-H17HB3    123.900      8.660      3.390         -245 
     C11N-H-P18HA    123.900      8.660      4.830         3058 
    C11N-H-P18HB2    123.900      8.660      1.970           39 
    C11N-H-P18HB3    123.900      8.660      2.460           98 
    C11N-H-P18HD3    123.900      8.660      3.990          253 
      C11N-H-I19H    123.900      8.660      8.500         -903 
     C11N-H-I19HA    123.900      8.660      3.270          541 
    C11N-H-I19HD1    123.900      8.660      0.600         3524 
   C11N-H-I19HG12    123.900      8.660      0.720         2410 
   C11N-H-I19HG13    123.900      8.660      1.500         1552 
     C11N-H-S30HA    123.900      8.660      4.930          184 
    C11N-H-C31HB3    123.900      8.660      3.480          107 
      I13N-H-C11H    121.300      8.740      8.660        -7787 
     I13N-H-C11HA    121.300      8.740      4.180         1505 
    I13N-H-C11HB2    121.300      8.740      2.810          772 
    I13N-H-C11HB3    121.300      8.740      3.550          803 
     I13N-H-P12HA    121.300      8.740      4.060         2624 
    I13N-H-P12HB2    121.300      8.740      2.130         1119 
    I13N-H-P12HB3    121.300      8.740      2.240          728 
    I13N-H-P12HD2    121.300      8.740      3.920         5759 
    I13N-H-P12HD3    121.300      8.740      3.870         3220 
    I13N-H-P12HG2    121.300      8.740      1.970          859 
    I13N-H-P12HG3    121.300      8.740      2.090          847 
         I13N-H-H    121.300      8.740      8.740       155079 
        I13N-H-HA    121.300      8.740      3.930         5759 
        I13N-H-HB    121.300      8.740      2.320         9926 
       I13N-H-HD1    121.300      8.740     -0.050         1640 
      I13N-H-HG12    121.300      8.740      0.620         5181 
      I13N-H-HG13    121.300      8.740      0.690         6015 
       I13N-H-HG2    121.300      8.740      0.480         2116 
      I13N-H-C14H    121.300      8.740      7.740        10466 
     I13N-H-C14HA    121.300      8.740      4.690          487 
    I13N-H-C14HB2    121.300      8.740      2.720          443 
      I13N-H-Y15H    121.300      8.740      8.280         2192 
     I13N-H-S30HA    121.300      8.740      4.930           49 
      I13N-H-C31H    121.300      8.740     10.210          224 
     I13N-H-F47HZ    121.300      8.740      7.140          311 
      C14N-H-C11H    116.200      7.740      8.660         -308 
     C14N-H-C11HA    116.200      7.740      4.180         2629 
    C14N-H-C11HB2    116.200      7.740      2.810         1019 
    C14N-H-C11HB3    116.200      7.740      3.550         3532 
     C14N-H-P12HA    116.200      7.740      4.060          642 
    C14N-H-P12HD2    116.200      7.740      3.920         2750 
    C14N-H-P12HD3    116.200      7.740      3.870          692 
      C14N-H-I13H    116.200      7.740      8.740        16110 
     C14N-H-I13HA    116.200      7.740      3.930         2750 
     C14N-H-I13HB    116.200      7.740      2.320        21414 
    C14N-H-I13HD1    116.200      7.740     -0.050         1015 
   C14N-H-I13HG12    116.200      7.740      0.620         1717 
   C14N-H-I13HG13    116.200      7.740      0.690         1413 
    C14N-H-I13HG2    116.200      7.740      0.480         6145 
         C14N-H-H    116.200      7.740      7.740       252728 
        C14N-H-HA    116.200      7.740      4.690         5605 
       C14N-H-HB2    116.200      7.740      2.720         6676 
       C14N-H-HB3    116.200      7.740      3.100         2752 
      C14N-H-Y15H    116.200      7.740      8.280        20114 
     C14N-H-Y15HA    116.200      7.740      4.180         2629 
    C14N-H-Y15HB2    116.200      7.740      2.920         1230 
      C14N-H-A16H    116.200      7.740      8.820         1526 
      C14N-H-H17H    116.200      7.740      7.290          690 
    Y15N-H-L10HB2    121.700      8.280      1.140         1234 
    Y15N-H-L10HB3    121.700      8.280      1.640          495 
    Y15N-H-L10HD1    121.700      8.280      0.740          791 
    Y15N-H-L10HD2    121.700      8.280      0.600          736 
      Y15N-H-C11H    121.700      8.280      8.660          377 
     Y15N-H-C11HA    121.700      8.280      4.180        33945 
    Y15N-H-C11HB2    121.700      8.280      2.810         1035 
    Y15N-H-C11HB3    121.700      8.280      3.550         4610 
     Y15N-H-P12HA    121.700      8.280      4.060         1528 
      Y15N-H-I13H    121.700      8.280      8.740         2872 
     Y15N-H-I13HA    121.700      8.280      3.930          577 
     Y15N-H-I13HB    121.700      8.280      2.320         1220 
    Y15N-H-I13HG2    121.700      8.280      0.480          522 
      Y15N-H-C14H    121.700      8.280      7.740        16616 
     Y15N-H-C14HA    121.700      8.280      4.690         1950 
    Y15N-H-C14HB2    121.700      8.280      2.720          444 
    Y15N-H-C14HB3    121.700      8.280      3.100          943 
         Y15N-H-H    121.700      8.280      8.280       227934 
        Y15N-H-HA    121.700      8.280      4.180        33945 
       Y15N-H-HB2    121.700      8.280      2.920         3269 
       Y15N-H-HB3    121.700      8.280      3.370         2471 
       Y15N-H-HD1    121.700      8.280      6.930         1206 
       Y15N-H-HD2    121.700      8.280      6.930         1206 
      Y15N-H-A16H    121.700      8.280      8.820         6399 
     Y15N-H-A16HA    121.700      8.280      4.640          146 
     Y15N-H-A16HB    121.700      8.280      1.220          839 
      Y15N-H-H17H    121.700      8.280      7.290          295 
    A16N-H-L10HB3    120.300      8.820      1.640          194 
    A16N-H-L10HD1    120.300      8.820      0.740          251 
    A16N-H-L10HD2    120.300      8.820      0.600          786 
    A16N-H-C11HB3    120.300      8.820      3.550         2274 
      A16N-H-C14H    120.300      8.820      7.740          297 
     A16N-H-C14HA    120.300      8.820      4.690         2030 
    A16N-H-C14HB2    120.300      8.820      2.720         1085 
    A16N-H-C14HB3    120.300      8.820      3.100         2176 
      A16N-H-Y15H    120.300      8.820      8.280         3391 
     A16N-H-Y15HA    120.300      8.820      4.180         3875 
    A16N-H-Y15HB2    120.300      8.820      2.920          576 
    A16N-H-Y15HB3    120.300      8.820      3.370          542 
    A16N-H-Y15HD2    120.300      8.820      6.930         -162 
         A16N-H-H    120.300      8.820      8.820       169351 
        A16N-H-HA    120.300      8.820      4.640         5503 
        A16N-H-HB    120.300      8.820      1.220        13447 
      A16N-H-H17H    120.300      8.820      7.290        14313 
     A16N-H-H17HA    120.300      8.820      5.220         -285 
    A16N-H-H17HB2    120.300      8.820      3.150         1158 
    H17N-H-L10HB3    116.700      7.290      1.640          419 
    H17N-H-L10HD1    116.700      7.290      0.740         2534 
    H17N-H-L10HD2    116.700      7.290      0.600         4717 
      H17N-H-C11H    116.700      7.290      8.660         2585 
    H17N-H-C11HB2    116.700      7.290      2.810         2652 
    H17N-H-C11HB3    116.700      7.290      3.550         5741 
      H17N-H-C14H    116.700      7.290      7.740          696 
    H17N-H-C14HB2    116.700      7.290      2.720          445 
    H17N-H-C14HB3    116.700      7.290      3.100         6300 
      H17N-H-Y15H    116.700      7.290      8.280          853 
     H17N-H-Y15HA    116.700      7.290      4.180         1633 
      H17N-H-A16H    116.700      7.290      8.820        29841 
     H17N-H-A16HA    116.700      7.290      4.640         5277 
     H17N-H-A16HB    116.700      7.290      1.220         9205 
         H17N-H-H    116.700      7.290      7.290       347382 
        H17N-H-HA    116.700      7.290      5.220         9248 
       H17N-H-HB2    116.700      7.290      3.150        10559 
       H17N-H-HB3    116.700      7.290      3.390         4337 
       H17N-H-HD2    116.700      7.290      7.740          696 
     H17N-H-P18HA    116.700      7.290      4.830          618 
    H17N-H-P18HD2    116.700      7.290      3.790          971 
    H17N-H-P18HD3    116.700      7.290      3.990          858 
     I19N-H-L10HA    120.800      8.500      4.250         4010 
    I19N-H-L10HD2    120.800      8.500      0.600         7756 
      I19N-H-C11H    120.800      8.500      8.660         5260 
     I19N-H-C11HA    120.800      8.500      4.180          798 
    I19N-H-C11HB2    120.800      8.500      2.810         1227 
     I19N-H-P18HA    120.800      8.500      4.830        27257 
    I19N-H-P18HB2    120.800      8.500      1.970         3580 
    I19N-H-P18HB3    120.800      8.500      2.460         4590 
    I19N-H-P18HD2    120.800      8.500      3.790          131 
    I19N-H-P18HD3    120.800      8.500      3.990          134 
    I19N-H-P18HG2    120.800      8.500      2.090         1111 
    I19N-H-P18HG3    120.800      8.500      2.150          794 
         I19N-H-H    120.800      8.500      8.500       268948 
        I19N-H-HA    120.800      8.500      3.270         7452 
        I19N-H-HB    120.800      8.500      1.580        18585 
       I19N-H-HD1    120.800      8.500      0.600         7756 
      I19N-H-HG12    120.800      8.500      0.720         7894 
      I19N-H-HG13    120.800      8.500      1.500        12381 
       I19N-H-HG2    120.800      8.500      0.620         8109 
      I19N-H-S20H    120.800      8.500      8.100         -460 
     I19N-H-S20HA    120.800      8.500      5.180         -100 
    I19N-H-C31HB3    120.800      8.500      3.480          306 
    S20N-H-C11HB2    117.000      8.100      2.810          512 
      S20N-H-I19H    117.000      8.100      8.500          368 
     S20N-H-I19HA    117.000      8.100      3.270        30460 
     S20N-H-I19HB    117.000      8.100      1.580         1805 
    S20N-H-I19HD1    117.000      8.100      0.600         5509 
   S20N-H-I19HG12    117.000      8.100      0.720         1084 
   S20N-H-I19HG13    117.000      8.100      1.500          557 
    S20N-H-I19HG2    117.000      8.100      0.620         8627 
         S20N-H-H    117.000      8.100      8.100       156394 
        S20N-H-HA    117.000      8.100      5.180         3912 
       S20N-H-HB2    117.000      8.100      3.950         2039 
       S20N-H-HB3    117.000      8.100      4.410          998 
      S20N-H-A21H    117.000      8.100      8.610        34552 
     S20N-H-A21HA    117.000      8.100      5.540          782 
     S20N-H-A21HB    117.000      8.100      1.340         2520 
    S20N-H-K29HB3    117.000      8.100      1.690          111 
      S20N-H-S30H    117.000      8.100      8.150        79622 
     S20N-H-S30HA    117.000      8.100      4.930          278 
      S20N-H-C31H    117.000      8.100     10.210         1062 
     S20N-H-C31HA    117.000      8.100      5.410        22490 
    S20N-H-C31HB2    117.000      8.100      2.970         1020 
    S20N-H-C31HB3    117.000      8.100      3.480         1631 
      S20N-H-K32H    117.000      8.100      7.950         1427 
      S20N-H-W58H    117.000      8.100      7.910         1986 
    S20N-H-W58HB3    117.000      8.100      2.770          721 
    S20N-H-W58HE3    117.000      8.100      7.290            5 
     A21N-H-I19HA    128.100      8.610      3.270         4298 
     A21N-H-I19HB    128.100      8.610      1.580         1078 
    A21N-H-I19HD1    128.100      8.610      0.600         6376 
   A21N-H-I19HG12    128.100      8.610      0.720          606 
    A21N-H-I19HG2    128.100      8.610      0.620        10695 
      A21N-H-S20H    128.100      8.610      8.100        30648 
     A21N-H-S20HA    128.100      8.610      5.180         3219 
    A21N-H-S20HB2    128.100      8.610      3.950          822 
    A21N-H-S20HB3    128.100      8.610      4.410          313 
         A21N-H-H    128.100      8.610      8.610       237907 
        A21N-H-HA    128.100      8.610      5.540         5069 
        A21N-H-HB    128.100      8.610      1.340        14085 
      A21N-H-V22H    128.100      8.610      9.040         2078 
     A21N-H-V22HA    128.100      8.610      4.680          141 
     A21N-H-V22HB    128.100      8.610      1.660          870 
    A21N-H-V22HG1    128.100      8.610      0.960          -20 
     A21N-H-K29HA    128.100      8.610      4.760          626 
    A21N-H-K29HB3    128.100      8.610      1.690          972 
      A21N-H-S30H    128.100      8.610      8.150        18238 
     A21N-H-S30HA    128.100      8.610      4.930          169 
      A21N-H-C31H    128.100      8.610     10.210          602 
     A21N-H-C31HA    128.100      8.610      5.410         3152 
      A21N-H-K32H    128.100      8.610      7.950          219 
     A21N-H-K32HA    128.100      8.610      3.890          335 
     A21N-H-D57HA    128.100      8.610      4.850          242 
      A21N-H-W58H    128.100      8.610      7.910          104 
    A21N-H-W58HB2    128.100      8.610      2.770         2753 
    A21N-H-W58HB3    128.100      8.610      2.770         2753 
    A21N-H-W58HE3    128.100      8.610      7.290         -112 
    V22N-H-I19HG2    118.400      9.040      0.620          569 
      V22N-H-A21H    118.400      9.040      8.610         1663 
     V22N-H-A21HA    118.400      9.040      5.540        34883 
     V22N-H-A21HB    118.400      9.040      1.340        10926 
         V22N-H-H    118.400      9.040      9.040       265771 
        V22N-H-HA    118.400      9.040      4.680         6157 
        V22N-H-HB    118.400      9.040      1.660         5845 
       V22N-H-HG1    118.400      9.040      0.960        17812 
       V22N-H-HG2    118.400      9.040      0.750         4044 
      V22N-H-F23H    118.400      9.040      8.660         1508 
     V22N-H-F23HA    118.400      9.040      5.390          610 
    V22N-H-F23HD1    118.400      9.040      7.220          828 
      V22N-H-Q24H    118.400      9.040      9.240         1744 
     V22N-H-K29HA    118.400      9.040      4.760         1148 
      V22N-H-S30H    118.400      9.040      8.150          559 
     V22N-H-V55HA    118.400      9.040      4.790         1612 
    V22N-H-V55HG1    118.400      9.040      1.040         5695 
      V22N-H-E56H    118.400      9.040      9.310         9439 
     V22N-H-E56HA    118.400      9.040      4.840         2198 
    V22N-H-E56HB2    118.400      9.040      1.970         2499 
    V22N-H-E56HB3    118.400      9.040      2.190          871 
      V22N-H-D57H    118.400      9.040      8.720          229 
     V22N-H-D57HA    118.400      9.040      4.850         2198 
      V22N-H-W58H    118.400      9.040      7.910         1133 
     V22N-H-W58HA    118.400      9.040      4.640         2363 
    V22N-H-W58HB2    118.400      9.040      2.770         3806 
    V22N-H-W58HB3    118.400      9.040      2.770         3806 
     F23N-H-A21HB    128.300      8.660      1.340         2331 
      F23N-H-V22H    128.300      8.660      9.040         2293 
     F23N-H-V22HA    128.300      8.660      4.680        31971 
     F23N-H-V22HB    128.300      8.660      1.660         2148 
    F23N-H-V22HG1    128.300      8.660      0.960         4890 
    F23N-H-V22HG2    128.300      8.660      0.750        13158 
         F23N-H-H    128.300      8.660      8.660       227282 
        F23N-H-HA    128.300      8.660      5.390         5281 
       F23N-H-HB2    128.300      8.660      3.430         5478 
       F23N-H-HB3    128.300      8.660      3.490         6846 
       F23N-H-HD1    128.300      8.660      7.220         4527 
       F23N-H-HD2    128.300      8.660      7.220         4527 
       F23N-H-HE1    128.300      8.660      7.370          424 
       F23N-H-HE2    128.300      8.660      7.370          424 
      F23N-H-Q24H    128.300      8.660      9.240         2342 
     F23N-H-Q24HA    128.300      8.660      5.050          -35 
    F23N-H-C26HB3    128.300      8.660      3.040           86 
      F23N-H-G27H    128.300      8.660      8.730        20817 
    F23N-H-G27HA2    128.300      8.660      3.650         1115 
      F23N-H-H28H    128.300      8.660      8.190          668 
     F23N-H-H28HA    128.300      8.660      4.350          668 
    F23N-H-H28HB2    128.300      8.660      3.230          428 
    F23N-H-H28HB3    128.300      8.660      3.590          569 
      F23N-H-K29H    128.300      8.660      7.360          373 
     F23N-H-K29HA    128.300      8.660      4.760         3133 
    F23N-H-K29HG2    128.300      8.660      0.900         1990 
      F23N-H-S30H    128.300      8.660      8.150         2736 
    F23N-H-I52HD1    128.300      8.660      0.270          412 
     F23N-H-V55HA    128.300      8.660      4.790         2750 
    F23N-H-V55HG1    128.300      8.660      1.040         1244 
      F23N-H-E56H    128.300      8.660      9.310         1302 
      Q24N-H-V22H    120.600      9.240      9.040         3272 
     Q24N-H-V22HA    120.600      9.240      4.680          525 
    Q24N-H-V22HG1    120.600      9.240      0.960         1131 
    Q24N-H-V22HG2    120.600      9.240      0.750          703 
      Q24N-H-F23H    120.600      9.240      8.660         1937 
     Q24N-H-F23HA    120.600      9.240      5.390        26421 
    Q24N-H-F23HB2    120.600      9.240      3.430         4293 
    Q24N-H-F23HB3    120.600      9.240      3.490         2681 
    Q24N-H-F23HD1    120.600      9.240      7.220         1278 
         Q24N-H-H    120.600      9.240      9.240       215540 
        Q24N-H-HA    120.600      9.240      5.050         4275 
       Q24N-H-HB2    120.600      9.240      2.050        12295 
       Q24N-H-HB3    120.600      9.240      2.050        12295 
       Q24N-H-HG2    120.600      9.240      2.210         5736 
       Q24N-H-HG3    120.600      9.240      2.380         2211 
     Q24N-H-P25HA    120.600      9.240      4.900          905 
    Q24N-H-P25HD3    120.600      9.240      4.140          262 
      Q24N-H-C26H    120.600      9.240      8.280          911 
    Q24N-H-C26HB3    120.600      9.240      3.040         -301 
      Q24N-H-G27H    120.600      9.240      8.730         1020 
    Q24N-H-I52HD1    120.600      9.240      0.270          599 
    Q24N-H-I52HG2    120.600      9.240      0.810         6687 
      Q24N-H-V53H    120.600      9.240      9.420        -1862 
      Q24N-H-S54H    120.600      9.240      7.920         6179 
     Q24N-H-S54HA    120.600      9.240      4.650          444 
      Q24N-H-V55H    120.600      9.240      8.430          715 
     Q24N-H-V55HA    120.600      9.240      4.790         4183 
    Q24N-H-V55HG1    120.600      9.240      1.040         1294 
    Q24N-H-V55HG2    120.600      9.240      0.890         1393 
      Q24N-H-E56H    120.600      9.240      9.310        -5101 
    Q24N-H-E56HB2    120.600      9.240      1.970         1783 
Q24NE2-HE21-V22HG1    110.200      7.010      0.960         2415 
Q24NE2-HE21-V22HG2    110.200      7.010      0.750          903 
   Q24NE2-HE21-HA    110.200      7.010      5.050          385 
  Q24NE2-HE21-HB2    110.200      7.010      2.050          823 
  Q24NE2-HE21-HB3    110.200      7.010      2.050          823 
 Q24NE2-HE21-HE21    110.200      7.010      7.010       150058 
 Q24NE2-HE21-HE22    110.200      7.010      6.670        95379 
  Q24NE2-HE21-HG2    110.200      7.010      2.210         3650 
  Q24NE2-HE21-HG3    110.200      7.010      2.380         2585 
Q24NE2-HE21-P25HA    110.200      7.010      4.900          473 
Q24NE2-HE21-E56HG2    110.200      7.010      2.280          738 
Q24NE2-HE22-V22HG1    110.200      6.670      0.960         2756 
   Q24NE2-HE22-HA    110.200      6.670      5.050          626 
  Q24NE2-HE22-HB2    110.200      6.670      2.050          916 
  Q24NE2-HE22-HB3    110.200      6.670      2.050          916 
 Q24NE2-HE22-HE21    110.200      6.670      7.010       132038 
 Q24NE2-HE22-HE22    110.200      6.670      6.670       190266 
  Q24NE2-HE22-HG2    110.200      6.670      2.210         2845 
  Q24NE2-HE22-HG3    110.200      6.670      2.380         2192 
Q24NE2-HE22-E56HB2    110.200      6.670      1.970          637 
    C26N-H-V22HG2    121.300      8.280      0.750          433 
     C26N-H-F23HA    121.300      8.280      5.390           47 
    C26N-H-F23HB2    121.300      8.280      3.430          528 
    C26N-H-F23HB3    121.300      8.280      3.490         1168 
      C26N-H-Q24H    121.300      8.280      9.240          242 
     C26N-H-Q24HA    121.300      8.280      5.050         1367 
    C26N-H-Q24HB2    121.300      8.280      2.050          605 
    C26N-H-Q24HB3    121.300      8.280      2.050          605 
    C26N-H-Q24HG3    121.300      8.280      2.380          357 
     C26N-H-P25HA    121.300      8.280      4.900         1043 
    C26N-H-P25HB2    121.300      8.280      2.240          796 
    C26N-H-P25HB3    121.300      8.280      2.370          357 
    C26N-H-P25HD2    121.300      8.280      3.520         1457 
    C26N-H-P25HD3    121.300      8.280      4.140         2900 
    C26N-H-P25HG2    121.300      8.280      1.840         2711 
    C26N-H-P25HG3    121.300      8.280      2.090          699 
         C26N-H-H    121.300      8.280      8.280       116673 
        C26N-H-HA    121.300      8.280      4.410         3305 
       C26N-H-HB2    121.300      8.280      2.790         3567 
       C26N-H-HB3    121.300      8.280      3.040         1580 
      C26N-H-G27H    121.300      8.280      8.730         4580 
    C26N-H-G27HA2    121.300      8.280      3.650          415 
    C26N-H-G27HA3    121.300      8.280      3.920          432 
      C26N-H-H28H    121.300      8.280      8.190        -1447 
    C26N-H-T50HG2    121.300      8.280      1.410         2174 
     G27N-H-V22HA    111.600      8.730      4.680          -54 
    G27N-H-V22HG1    111.600      8.730      0.960          665 
    G27N-H-V22HG2    111.600      8.730      0.750         1354 
      G27N-H-F23H    111.600      8.730      8.660         6077 
     G27N-H-F23HA    111.600      8.730      5.390           41 
    G27N-H-F23HB2    111.600      8.730      3.430          715 
    G27N-H-F23HB3    111.600      8.730      3.490          993 
      G27N-H-Q24H    111.600      8.730      9.240          669 
     G27N-H-Q24HA    111.600      8.730      5.050         3132 
     G27N-H-P25HA    111.600      8.730      4.900          399 
      G27N-H-C26H    111.600      8.730      8.280         3187 
     G27N-H-C26HA    111.600      8.730      4.410         1047 
    G27N-H-C26HB2    111.600      8.730      2.790          470 
    G27N-H-C26HB3    111.600      8.730      3.040          570 
         G27N-H-H    111.600      8.730      8.730       105759 
       G27N-H-HA2    111.600      8.730      3.650        12126 
       G27N-H-HA3    111.600      8.730      3.920         4898 
      G27N-H-H28H    111.600      8.730      8.190         3339 
     G27N-H-H28HA    111.600      8.730      4.350          458 
    G27N-H-H28HB2    111.600      8.730      3.230           60 
    H28N-H-V22HG2    120.700      8.190      0.750         1836 
      H28N-H-F23H    120.700      8.190      8.660         2164 
    H28N-H-F23HB2    120.700      8.190      3.430         3070 
    H28N-H-F23HB3    120.700      8.190      3.490         4712 
    H28N-H-F23HD2    120.700      8.190      7.220         3057 
      H28N-H-C26H    120.700      8.190      8.280         8945 
     H28N-H-C26HA    120.700      8.190      4.410         2040 
    H28N-H-C26HB2    120.700      8.190      2.790          636 
    H28N-H-C26HB3    120.700      8.190      3.040         1829 
      H28N-H-G27H    120.700      8.190      8.730        10211 
    H28N-H-G27HA2    120.700      8.190      3.650         6921 
    H28N-H-G27HA3    120.700      8.190      3.920         3459 
         H28N-H-H    120.700      8.190      8.190       315487 
        H28N-H-HA    120.700      8.190      4.350         7759 
       H28N-H-HB2    120.700      8.190      3.230         5135 
       H28N-H-HB3    120.700      8.190      3.590        15327 
       H28N-H-HD2    120.700      8.190      7.070          269 
      H28N-H-K29H    120.700      8.190      7.360         1411 
     H28N-H-K29HA    120.700      8.190      4.760          660 
    K29N-H-I19HD1    113.200      7.360      0.600         1297 
    K29N-H-I19HG2    113.200      7.360      0.620         1681 
     K29N-H-V22HA    113.200      7.360      4.680          648 
    K29N-H-V22HG2    113.200      7.360      0.750         1677 
      K29N-H-F23H    113.200      7.360      8.660           43 
    K29N-H-F23HD2    113.200      7.360      7.220         6780 
    K29N-H-F23HE2    113.200      7.360      7.370       194853 
      K29N-H-H28H    113.200      7.360      8.190          311 
     K29N-H-H28HA    113.200      7.360      4.350        17511 
    K29N-H-H28HB2    113.200      7.360      3.230        13631 
    K29N-H-H28HB3    113.200      7.360      3.590         4431 
    K29N-H-H28HD2    113.200      7.360      7.070         3335 
         K29N-H-H    113.200      7.360      7.360       267282 
        K29N-H-HA    113.200      7.360      4.760         5068 
       K29N-H-HB2    113.200      7.360      1.190        12148 
       K29N-H-HB3    113.200      7.360      1.690         2849 
       K29N-H-HD2    113.200      7.360      0.630         1681 
       K29N-H-HD3    113.200      7.360      0.740         1677 
       K29N-H-HG2    113.200      7.360      0.900         2343 
       K29N-H-HG3    113.200      7.360      1.060         6561 
      K29N-H-S30H    113.200      7.360      8.150          302 
     K29N-H-S30HA    113.200      7.360      4.930          402 
    K29N-H-S30HB3    113.200      7.360      4.840         -230 
    K29N-H-F47HD2    113.200      7.360      7.290        44762 
    K29N-H-F47HE2    113.200      7.360      7.470         5499 
     S30N-H-I19HA    110.400      8.150      3.270          902 
    S30N-H-I19HD1    110.400      8.150      0.600         5193 
   S30N-H-I19HG12    110.400      8.150      0.720         1143 
    S30N-H-I19HG2    110.400      8.150      0.620         7418 
      S30N-H-S20H    110.400      8.150      8.100        -1078 
      S30N-H-A21H    110.400      8.150      8.610         3907 
     S30N-H-A21HA    110.400      8.150      5.540          114 
     S30N-H-A21HB    110.400      8.150      1.340         5027 
      S30N-H-V22H    110.400      8.150      9.040          185 
     S30N-H-V22HA    110.400      8.150      4.680         2862 
    S30N-H-V22HG2    110.400      8.150      0.750         1438 
      S30N-H-F23H    110.400      8.150      8.660         1133 
    S30N-H-F23HE1    110.400      8.150      7.370         2447 
    S30N-H-F23HE2    110.400      8.150      7.370         2447 
     S30N-H-F23HZ    110.400      8.150      7.240         1063 
      S30N-H-K29H    110.400      8.150      7.360         2519 
     S30N-H-K29HA    110.400      8.150      4.760        22643 
    S30N-H-K29HB2    110.400      8.150      1.190         2750 
    S30N-H-K29HB3    110.400      8.150      1.690         7690 
    S30N-H-K29HD2    110.400      8.150      0.630         7418 
    S30N-H-K29HG2    110.400      8.150      0.900         1262 
    S30N-H-K29HG3    110.400      8.150      1.060         1417 
         S30N-H-H    110.400      8.150      8.150       214678 
        S30N-H-HA    110.400      8.150      4.930         3938 
       S30N-H-HB2    110.400      8.150      4.200         1446 
       S30N-H-HB3    110.400      8.150      4.840          589 
        S30N-H-HG    110.400      8.150      4.660         3536 
      S30N-H-C31H    110.400      8.150     10.210          587 
     S30N-H-C31HA    110.400      8.150      5.410          -45 
    S30N-H-W58HB3    110.400      8.150      2.770           31 
     C31N-H-C11HA    121.000     10.210      4.180         4270 
    C31N-H-C11HB2    121.000     10.210      2.810         8104 
    C31N-H-C11HB3    121.000     10.210      3.550         2607 
    C31N-H-P12HD2    121.000     10.210      3.920          325 
      C31N-H-I13H    121.000     10.210      8.740          115 
     C31N-H-I13HB    121.000     10.210      2.320          349 
    C31N-H-I13HD1    121.000     10.210     -0.050          270 
    C31N-H-C14HB2    121.000     10.210      2.720         1043 
     C31N-H-I19HA    121.000     10.210      3.270         1564 
   C31N-H-I19HG12    121.000     10.210      0.720          494 
    C31N-H-I19HG2    121.000     10.210      0.620         1541 
      C31N-H-S20H    121.000     10.210      8.100          508 
      C31N-H-A21H    121.000     10.210      8.610          300 
     C31N-H-A21HB    121.000     10.210      1.340           27 
     C31N-H-F23HZ    121.000     10.210      7.240          261 
      C31N-H-S30H    121.000     10.210      8.150          895 
     C31N-H-S30HA    121.000     10.210      4.930         8170 
    C31N-H-S30HB2    121.000     10.210      4.200         4741 
    C31N-H-S30HB3    121.000     10.210      4.840        15537 
     C31N-H-S30HG    121.000     10.210      4.660         6116 
         C31N-H-H    121.000     10.210     10.210       161329 
        C31N-H-HA    121.000     10.210      5.410         3461 
       C31N-H-HB2    121.000     10.210      2.970         7143 
       C31N-H-HB3    121.000     10.210      3.480         1986 
      C31N-H-K32H    121.000     10.210      7.950          468 
     C31N-H-K32HA    121.000     10.210      3.890          434 
      C31N-H-A33H    121.000     10.210      8.170          754 
     C31N-H-A33HB    121.000     10.210      1.490          332 
      C31N-H-C34H    121.000     10.210      9.170          467 
    C31N-H-C34HB2    121.000     10.210      2.760         3125 
    C31N-H-C34HB3    121.000     10.210      2.920         3447 
    K32N-H-I19HG2    122.800      7.950      0.620          109 
      K32N-H-S20H    122.800      7.950      8.100         5496 
    K32N-H-S20HB2    122.800      7.950      3.950         1528 
    K32N-H-S20HB3    122.800      7.950      4.410          919 
      K32N-H-A21H    122.800      7.950      8.610          611 
     K32N-H-A21HB    122.800      7.950      1.340         2027 
      K32N-H-C31H    122.800      7.950     10.210          295 
     K32N-H-C31HA    122.800      7.950      5.410        14823 
    K32N-H-C31HB2    122.800      7.950      2.970         2852 
    K32N-H-C31HB3    122.800      7.950      3.480         8042 
         K32N-H-H    122.800      7.950      7.950       226097 
        K32N-H-HA    122.800      7.950      3.890         8824 
       K32N-H-HB2    122.800      7.950      1.830        19286 
       K32N-H-HB3    122.800      7.950      1.830        19286 
       K32N-H-HG2    122.800      7.950      1.460         2630 
       K32N-H-HG3    122.800      7.950      1.560         3921 
      K32N-H-A33H    122.800      7.950      8.170         8634 
     K32N-H-A33HA    122.800      7.950      4.130          226 
     K32N-H-A33HB    122.800      7.950      1.490         2210 
      K32N-H-C34H    122.800      7.950      9.170          333 
    K32N-H-C34HB2    122.800      7.950      2.760          567 
      K32N-H-I35H    122.800      7.950      7.390          179 
    K32N-H-I35HG2    122.800      7.950      1.100         1452 
     A33N-H-A21HB    122.100      8.170      1.340         -413 
      A33N-H-C31H    122.100      8.170     10.210          337 
     A33N-H-C31HA    122.100      8.170      5.410          926 
    A33N-H-C31HB2    122.100      8.170      2.970         1422 
    A33N-H-C31HB3    122.100      8.170      3.480         3517 
      A33N-H-K32H    122.100      8.170      7.950         8150 
     A33N-H-K32HA    122.100      8.170      3.890         3078 
    A33N-H-K32HB2    122.100      8.170      1.830        11210 
    A33N-H-K32HB3    122.100      8.170      1.830        11210 
    A33N-H-K32HG2    122.100      8.170      1.460        22477 
    A33N-H-K32HG3    122.100      8.170      1.560         1099 
         A33N-H-H    122.100      8.170      8.170       428226 
        A33N-H-HA    122.100      8.170      4.130        13005 
        A33N-H-HB    122.100      8.170      1.490        36555 
      A33N-H-C34H    122.100      8.170      9.170         8591 
     A33N-H-C34HA    122.100      8.170      3.970          692 
    A33N-H-C34HB2    122.100      8.170      2.760           46 
      A33N-H-I35H    122.100      8.170      7.390          192 
    A33N-H-I35HG2    122.100      8.170      1.100          386 
      A33N-H-N36H    122.100      8.170      8.410          251 
    A33N-H-N36HB2    122.100      8.170      2.700          234 
    C34N-H-I13HD1    120.200      9.170     -0.050          222 
    C34N-H-I13HG2    120.200      9.170      0.480          289 
      C34N-H-C31H    120.200      9.170     10.210          658 
     C34N-H-C31HA    120.200      9.170      5.410          464 
    C34N-H-C31HB2    120.200      9.170      2.970         6485 
    C34N-H-C31HB3    120.200      9.170      3.480         1138 
      C34N-H-K32H    120.200      9.170      7.950          883 
     C34N-H-K32HA    120.200      9.170      3.890          490 
      C34N-H-A33H    120.200      9.170      8.170        10840 
     C34N-H-A33HA    120.200      9.170      4.130         2807 
     C34N-H-A33HB    120.200      9.170      1.490        14787 
         C34N-H-H    120.200      9.170      9.170       258652 
        C34N-H-HA    120.200      9.170      3.970         8816 
       C34N-H-HB2    120.200      9.170      2.760         4955 
       C34N-H-HB3    120.200      9.170      2.920        15884 
      C34N-H-I35H    120.200      9.170      7.390         9502 
     C34N-H-I35HA    120.200      9.170      4.460          341 
     C34N-H-I35HB    120.200      9.170      2.150          550 
    C34N-H-I35HG2    120.200      9.170      1.100         1075 
      C34N-H-N36H    120.200      9.170      8.410          591 
      C34N-H-Q37H    120.200      9.170      7.840         1129 
     C34N-H-F46HZ    120.200      9.170      7.100          382 
     I35N-H-A21HB    118.100      7.390      1.340          970 
    I35N-H-F23HE1    118.100      7.390      7.370       241004 
     I35N-H-F23HZ    118.100      7.390      7.240          510 
     I35N-H-S30HG    118.100      7.390      4.660         6596 
      I35N-H-K32H    118.100      7.390      7.950          210 
     I35N-H-K32HA    118.100      7.390      3.890         2610 
      I35N-H-A33H    118.100      7.390      8.170         -611 
     I35N-H-A33HA    118.100      7.390      4.130          574 
     I35N-H-A33HB    118.100      7.390      1.490         1111 
      I35N-H-C34H    118.100      7.390      9.170         7116 
     I35N-H-C34HA    118.100      7.390      3.970         1886 
    I35N-H-C34HB2    118.100      7.390      2.760         3002 
    I35N-H-C34HB3    118.100      7.390      2.920         7448 
         I35N-H-H    118.100      7.390      7.390       267645 
        I35N-H-HA    118.100      7.390      4.460         6209 
        I35N-H-HB    118.100      7.390      2.150        10739 
       I35N-H-HD1    118.100      7.390      0.060         1466 
      I35N-H-HG12    118.100      7.390      0.800          614 
      I35N-H-HG13    118.100      7.390      1.010          602 
       I35N-H-HG2    118.100      7.390      1.100        24002 
      I35N-H-N36H    118.100      7.390      8.410        12788 
     I35N-H-N36HA    118.100      7.390      4.390          460 
    I35N-H-N36HB2    118.100      7.390      2.700          757 
      I35N-H-Q37H    118.100      7.390      7.840         1168 
      I35N-H-H38H    118.100      7.390      8.020         -117 
    I35N-H-H38HB2    118.100      7.390      3.180          381 
    I35N-H-H38HB3    118.100      7.390      3.250          181 
     I35N-H-F46HZ    118.100      7.390      7.100         1058 
    I35N-H-V55HG1    118.100      7.390      1.040         1137 
     N36N-H-K32HA    122.900      8.410      3.890         1070 
      N36N-H-A33H    122.900      8.410      8.170        -2092 
     N36N-H-A33HA    122.900      8.410      4.130         2062 
     N36N-H-A33HB    122.900      8.410      1.490          640 
      N36N-H-C34H    122.900      8.410      9.170         1096 
     N36N-H-C34HA    122.900      8.410      3.970          166 
    N36N-H-C34HB2    122.900      8.410      2.760          525 
    N36N-H-C34HB3    122.900      8.410      2.920        11987 
      N36N-H-I35H    122.900      8.410      7.390         7539 
     N36N-H-I35HA    122.900      8.410      4.460          790 
     N36N-H-I35HB    122.900      8.410      2.150         1083 
    N36N-H-I35HD1    122.900      8.410      0.060          434 
   N36N-H-I35HG12    122.900      8.410      0.800          205 
   N36N-H-I35HG13    122.900      8.410      1.010          484 
    N36N-H-I35HG2    122.900      8.410      1.100        11637 
         N36N-H-H    122.900      8.410      8.410       191135 
        N36N-H-HA    122.900      8.410      4.390         5570 
       N36N-H-HB2    122.900      8.410      2.700         3954 
       N36N-H-HB3    122.900      8.410      2.910        11987 
      N36N-H-HD21    122.900      8.410      7.440         4150 
      N36N-H-HD22    122.900      8.410      6.770          130 
      N36N-H-Q37H    122.900      8.410      7.840         5158 
     N36N-H-Q37HA    122.900      8.410      4.120         2062 
    N36N-H-Q37HB2    122.900      8.410      2.180         1060 
      N36N-H-H38H    122.900      8.410      8.020        -1108 
    N36N-H-H38HB2    122.900      8.410      3.180          -45 
    N36N-H-H38HB3    122.900      8.410      3.250         -120 
      N36N-H-L39H    122.900      8.410      8.330        -5370 
    N36N-H-L39HB2    122.900      8.410      1.590          -97 
    N36N-H-L39HD1    122.900      8.410      0.720          421 
     N36N-H-L39HG    122.900      8.410      1.730          158 
     N36N-H-F46HZ    122.900      8.410      7.100         -620 
N36ND2-HD21-A33HA    109.900      7.440      4.130          723 
    N36ND2-HD21-H    109.900      7.440      8.410           15 
   N36ND2-HD21-HA    109.900      7.440      4.390          409 
  N36ND2-HD21-HB2    109.900      7.440      2.700         2265 
  N36ND2-HD21-HB3    109.900      7.440      2.910         2630 
 N36ND2-HD21-HD21    109.900      7.440      7.440        82903 
 N36ND2-HD21-HD22    109.900      7.440      6.770        74707 
 N36ND2-HD21-Q37H    109.900      7.440      7.840         -808 
N36ND2-HD22-A33HA    109.900      6.770      4.130          656 
    N36ND2-HD22-H    109.900      6.770      8.410          223 
   N36ND2-HD22-HA    109.900      6.770      4.390          420 
  N36ND2-HD22-HB2    109.900      6.770      2.700         2027 
  N36ND2-HD22-HB3    109.900      6.770      2.910         2650 
 N36ND2-HD22-HD21    109.900      6.770      7.440        97574 
 N36ND2-HD22-HD22    109.900      6.770      6.770       106973 
     Q37N-H-A33HA    117.600      7.840      4.130        11235 
     Q37N-H-A33HB    117.600      7.840      1.490          804 
      Q37N-H-C34H    117.600      7.840      9.170          411 
     Q37N-H-C34HA    117.600      7.840      3.970         2650 
    Q37N-H-C34HB3    117.600      7.840      2.920         8517 
      Q37N-H-I35H    117.600      7.840      7.390         1843 
     Q37N-H-I35HA    117.600      7.840      4.460          704 
    Q37N-H-I35HD1    117.600      7.840      0.060          168 
    Q37N-H-I35HG2    117.600      7.840      1.100          882 
      Q37N-H-N36H    117.600      7.840      8.410        10795 
     Q37N-H-N36HA    117.600      7.840      4.390         2901 
    Q37N-H-N36HB2    117.600      7.840      2.700         4434 
    Q37N-H-N36HB3    117.600      7.840      2.910         8517 
   Q37N-H-N36HD21    117.600      7.840      7.440          764 
         Q37N-H-H    117.600      7.840      7.840       379708 
        Q37N-H-HA    117.600      7.840      4.120        11235 
       Q37N-H-HB2    117.600      7.840      2.180        18283 
       Q37N-H-HB3    117.600      7.840      2.220        23407 
       Q37N-H-HG2    117.600      7.840      2.460         3408 
       Q37N-H-HG3    117.600      7.840      2.460         3408 
      Q37N-H-H38H    117.600      7.840      8.020        10786 
     Q37N-H-H38HA    117.600      7.840      4.390         2901 
    Q37N-H-H38HB2    117.600      7.840      3.180          657 
    Q37N-H-H38HB3    117.600      7.840      3.250          521 
      Q37N-H-L39H    117.600      7.840      8.330         1366 
    Q37N-H-L39HB2    117.600      7.840      1.590          322 
      Q37N-H-M40H    117.600      7.840      7.310          150 
     Q37N-H-F46HZ    117.600      7.840      7.100          289 
   Q37NE2-HE21-HA    111.800      7.450      4.120          291 
  Q37NE2-HE21-HB2    111.800      7.450      2.180           40 
  Q37NE2-HE21-HB3    111.800      7.450      2.220          147 
 Q37NE2-HE21-HE21    111.800      7.450      7.450       297808 
 Q37NE2-HE21-HE22    111.800      7.450      6.860       101304 
  Q37NE2-HE21-HG2    111.800      7.450      2.460          522 
  Q37NE2-HE21-HG3    111.800      7.450      2.460          522 
  Q37NE2-HE22-HB2    111.800      6.860      2.180          332 
  Q37NE2-HE22-HB3    111.800      6.860      2.220           78 
 Q37NE2-HE22-HE21    111.800      6.860      7.450        92374 
 Q37NE2-HE22-HE22    111.800      6.860      6.860       296649 
  Q37NE2-HE22-HG2    111.800      6.860      2.460          436 
  Q37NE2-HE22-HG3    111.800      6.860      2.460          436 
     H38N-H-C34HA    121.500      8.020      3.970         1445 
    H38N-H-C34HB3    121.500      8.020      2.920          581 
      H38N-H-I35H    121.500      8.020      7.390          613 
     H38N-H-I35HA    121.500      8.020      4.460         4519 
     H38N-H-I35HB    121.500      8.020      2.150         6900 
    H38N-H-I35HD1    121.500      8.020      0.060          910 
   H38N-H-I35HG13    121.500      8.020      1.010         -255 
    H38N-H-I35HG2    121.500      8.020      1.100          338 
      H38N-H-N36H    121.500      8.020      8.410         1102 
     H38N-H-N36HA    121.500      8.020      4.390         9021 
    H38N-H-N36HB2    121.500      8.020      2.700           76 
    H38N-H-N36HB3    121.500      8.020      2.910          581 
      H38N-H-Q37H    121.500      8.020      7.840        14738 
     H38N-H-Q37HA    121.500      8.020      4.120         2774 
    H38N-H-Q37HB2    121.500      8.020      2.180        10674 
    H38N-H-Q37HB3    121.500      8.020      2.220         7783 
    H38N-H-Q37HG2    121.500      8.020      2.460         1773 
    H38N-H-Q37HG3    121.500      8.020      2.460         1773 
         H38N-H-H    121.500      8.020      8.020       283559 
        H38N-H-HA    121.500      8.020      4.390         9021 
       H38N-H-HB2    121.500      8.020      3.180        17152 
       H38N-H-HB3    121.500      8.020      3.250        19338 
       H38N-H-HD2    121.500      8.020      6.370          190 
      H38N-H-L39H    121.500      8.020      8.330        10111 
     H38N-H-L39HA    121.500      8.020      4.680            7 
    H38N-H-L39HB2    121.500      8.020      1.590          202 
    H38N-H-L39HD1    121.500      8.020      0.720          390 
    H38N-H-L39HD2    121.500      8.020      0.660          255 
     H38N-H-L39HG    121.500      8.020      1.730         1289 
      H38N-H-M40H    121.500      8.020      7.310          785 
      H38N-H-N41H    121.500      8.020      7.270          484 
     H38N-H-F46HZ    121.500      8.020      7.100          915 
     L39N-H-I35HA    116.100      8.330      4.460         1336 
    L39N-H-I35HD1    116.100      8.330      0.060         1278 
   L39N-H-I35HG13    116.100      8.330      1.010          523 
    L39N-H-I35HG2    116.100      8.330      1.100          375 
      L39N-H-N36H    116.100      8.330      8.410         2502 
     L39N-H-N36HA    116.100      8.330      4.390         3090 
    L39N-H-N36HB3    116.100      8.330      2.910          391 
      L39N-H-Q37H    116.100      8.330      7.840          635 
     L39N-H-Q37HA    116.100      8.330      4.120          575 
    L39N-H-Q37HB3    116.100      8.330      2.220          298 
      L39N-H-H38H    116.100      8.330      8.020         4862 
     L39N-H-H38HA    116.100      8.330      4.390         3090 
    L39N-H-H38HB2    116.100      8.330      3.180         5989 
    L39N-H-H38HB3    116.100      8.330      3.250         3055 
    L39N-H-H38HD2    116.100      8.330      6.370          671 
         L39N-H-H    116.100      8.330      8.330       171714 
        L39N-H-HA    116.100      8.330      4.680         4590 
       L39N-H-HB2    116.100      8.330      1.590         4318 
       L39N-H-HB3    116.100      8.330      1.760        15850 
       L39N-H-HD1    116.100      8.330      0.720         2453 
       L39N-H-HD2    116.100      8.330      0.660         2474 
        L39N-H-HG    116.100      8.330      1.730        16532 
      L39N-H-M40H    116.100      8.330      7.310         5481 
     L39N-H-M40HA    116.100      8.330      4.200          214 
    L39N-H-M40HG2    116.100      8.330      2.650          301 
    L39N-H-M40HG3    116.100      8.330      2.910          391 
      L39N-H-N41H    116.100      8.330      7.270         2851 
      L39N-H-N42H    116.100      8.330      7.630          162 
     L39N-H-K43HA    116.100      8.330      4.490          857 
     L39N-H-F46HZ    116.100      8.330      7.100         -419 
     M40N-H-N36HA    117.400      7.310      4.390         1603 
      M40N-H-Q37H    117.400      7.310      7.840         -400 
     M40N-H-Q37HA    117.400      7.310      4.120         2508 
      M40N-H-H38H    117.400      7.310      8.020           98 
     M40N-H-H38HA    117.400      7.310      4.390         1603 
    M40N-H-H38HB2    117.400      7.310      3.180          347 
    M40N-H-H38HB3    117.400      7.310      3.250          243 
      M40N-H-L39H    117.400      7.310      8.330         8355 
     M40N-H-L39HA    117.400      7.310      4.680         3148 
    M40N-H-L39HB2    117.400      7.310      1.590         1495 
    M40N-H-L39HB3    117.400      7.310      1.760         2743 
    M40N-H-L39HD1    117.400      7.310      0.720          418 
    M40N-H-L39HD2    117.400      7.310      0.660          890 
     M40N-H-L39HG    117.400      7.310      1.730         2744 
         M40N-H-H    117.400      7.310      7.310       384398 
        M40N-H-HA    117.400      7.310      4.200         9842 
       M40N-H-HB2    117.400      7.310      2.060         8738 
       M40N-H-HB3    117.400      7.310      2.140        17576 
        M40N-H-HE    117.400      7.310      2.090        12906 
       M40N-H-HG2    117.400      7.310      2.650         7486 
       M40N-H-HG3    117.400      7.310      2.910        11516 
      M40N-H-N41H    117.400      7.310      7.270       204090 
     M40N-H-N41HA    117.400      7.310      4.960          544 
    M40N-H-N41HB2    117.400      7.310      2.550          304 
      M40N-H-N42H    117.400      7.310      7.630         -802 
      N41N-H-H38H    111.600      7.270      8.020          159 
     N41N-H-H38HA    111.600      7.270      4.390          385 
    N41N-H-H38HB3    111.600      7.270      3.250           26 
      N41N-H-L39H    111.600      7.270      8.330           72 
     N41N-H-L39HA    111.600      7.270      4.680         1005 
    N41N-H-L39HB2    111.600      7.270      1.590          461 
    N41N-H-L39HB3    111.600      7.270      1.760          228 
    N41N-H-L39HD2    111.600      7.270      0.660          213 
      N41N-H-M40H    111.600      7.270      7.310        60509 
     N41N-H-M40HA    111.600      7.270      4.200         1049 
    N41N-H-M40HB2    111.600      7.270      2.060         1477 
    N41N-H-M40HB3    111.600      7.270      2.140         2125 
    N41N-H-M40HG2    111.600      7.270      2.650          306 
    N41N-H-M40HG3    111.600      7.270      2.910          541 
         N41N-H-H    111.600      7.270      7.270        92109 
        N41N-H-HA    111.600      7.270      4.960         2635 
       N41N-H-HB2    111.600      7.270      2.550         3787 
       N41N-H-HB3    111.600      7.270      2.800         1572 
      N41N-H-HD21    111.600      7.270      7.730           72 
      N41N-H-N42H    111.600      7.270      7.630         8468 
     N41N-H-N42HA    111.600      7.270      4.790        10100 
    N41N-H-N42HB2    111.600      7.270      1.550          265 
    N41ND2-HD21-H    114.300      7.730      7.270         -245 
   N41ND2-HD21-HA    114.300      7.730      4.960          247 
  N41ND2-HD21-HB2    114.300      7.730      2.550         6500 
  N41ND2-HD21-HB3    114.300      7.730      2.800         1466 
 N41ND2-HD21-HD21    114.300      7.730      7.730       229520 
 N41ND2-HD21-HD22    114.300      7.730      6.920        99565 
 N41ND2-HD21-N42H    114.300      7.730      7.630         2878 
   N41ND2-HD22-HA    114.300      6.920      4.960          169 
  N41ND2-HD22-HB2    114.300      6.920      2.550         1867 
  N41ND2-HD22-HB3    114.300      6.920      2.800          715 
 N41ND2-HD22-HD21    114.300      6.920      7.730        80712 
 N41ND2-HD22-HD22    114.300      6.920      6.920       188869 
 N41ND2-HD22-N42H    114.300      6.920      7.630          374 
     N42N-H-H38HA    117.800      7.630      4.390          783 
    N42N-H-H38HB3    117.800      7.630      3.250           73 
    N42N-H-H38HD2    117.800      7.630      6.370          302 
      N42N-H-L39H    117.800      7.630      8.330          877 
     N42N-H-L39HA    117.800      7.630      4.680        12846 
    N42N-H-L39HD2    117.800      7.630      0.660         2491 
      N42N-H-M40H    117.800      7.630      7.310        20439 
     N42N-H-M40HA    117.800      7.630      4.200          640 
      N42N-H-N41H    117.800      7.630      7.270        32082 
     N42N-H-N41HA    117.800      7.630      4.960         5714 
    N42N-H-N41HB2    117.800      7.630      2.550         4096 
    N42N-H-N41HB3    117.800      7.630      2.800         2156 
   N42N-H-N41HD21    117.800      7.630      7.730         8217 
   N42N-H-N41HD22    117.800      7.630      6.920          327 
         N42N-H-H    117.800      7.630      7.630       392398 
        N42N-H-HA    117.800      7.630      4.790        13590 
       N42N-H-HB2    117.800      7.630      1.550         8763 
       N42N-H-HB3    117.800      7.630      2.210         4135 
      N42N-H-HD21    117.800      7.630      7.370         5959 
      N42N-H-HD22    117.800      7.630      7.020         1297 
      N42N-H-K43H    117.800      7.630      8.510          703 
     N42N-H-K43HA    117.800      7.630      4.490         1229 
      N42N-H-D44H    117.800      7.630      8.180          470 
N42ND2-HD21-N41HB3    117.300      7.370      2.800          812 
    N42ND2-HD21-H    117.300      7.370      7.630          805 
   N42ND2-HD21-HA    117.300      7.370      4.790         1986 
  N42ND2-HD21-HB2    117.300      7.370      1.550         4026 
  N42ND2-HD21-HB3    117.300      7.370      2.210         1475 
 N42ND2-HD21-HD21    117.300      7.370      7.370        90020 
 N42ND2-HD21-HD22    117.300      7.370      7.020        46747 
 N42ND2-HD21-K43H    117.300      7.370      8.510          -14 
N42ND2-HD22-N41HB3    117.300      7.020      2.800          450 
    N42ND2-HD22-H    117.300      7.020      7.630          152 
   N42ND2-HD22-HA    117.300      7.020      4.790         2030 
  N42ND2-HD22-HB2    117.300      7.020      1.550          873 
  N42ND2-HD22-HB3    117.300      7.020      2.210           62 
 N42ND2-HD22-HD21    117.300      7.020      7.370        31084 
 N42ND2-HD22-HD22    117.300      7.020      7.020       100931 
    K43N-H-H38HD2    115.400      8.510      6.370         -135 
     K43N-H-L39HA    115.400      8.510      4.680         2544 
    K43N-H-L39HD2    115.400      8.510      0.660          131 
      K43N-H-N42H    115.400      8.510      7.630          172 
     K43N-H-N42HA    115.400      8.510      4.790        48884 
    K43N-H-N42HB2    115.400      8.510      1.550          497 
    K43N-H-N42HB3    115.400      8.510      2.210         2034 
   K43N-H-N42HD21    115.400      8.510      7.370         -302 
         K43N-H-H    115.400      8.510      8.510        22134 
        K43N-H-HA    115.400      8.510      4.490         1542 
       K43N-H-HB2    115.400      8.510      1.680         2708 
       K43N-H-HB3    115.400      8.510      1.950         1143 
       K43N-H-HG2    115.400      8.510      1.350         2412 
       K43N-H-HG3    115.400      8.510      1.350         2412 
      K43N-H-D44H    115.400      8.510      8.180         4772 
     K43N-H-D44HA    115.400      8.510      4.870         1627 
    K43N-H-D44HB3    115.400      8.510      2.360          117 
    K43N-H-T51HG2    115.400      8.510      1.140          186 
    D44N-H-I35HD1    118.100      8.180      0.060          291 
    D44N-H-H38HD2    118.100      8.180      6.370          355 
    D44N-H-H38HE1    118.100      8.180      7.810         -280 
    D44N-H-L39HD2    118.100      8.180      0.660         1708 
      D44N-H-N42H    118.100      8.180      7.630         -372 
     D44N-H-N42HA    118.100      8.180      4.790        11621 
    D44N-H-N42HB2    118.100      8.180      1.550         2210 
    D44N-H-N42HB3    118.100      8.180      2.210         7282 
      D44N-H-K43H    118.100      8.180      8.510        10000 
     D44N-H-K43HA    118.100      8.180      4.490         4163 
    D44N-H-K43HB2    118.100      8.180      1.680         2887 
    D44N-H-K43HB3    118.100      8.180      1.950         1399 
    D44N-H-K43HG3    118.100      8.180      1.350         1431 
         D44N-H-H    118.100      8.180      8.180       280135 
        D44N-H-HA    118.100      8.180      4.870         4992 
       D44N-H-HB2    118.100      8.180      2.280         5941 
       D44N-H-HB3    118.100      8.180      2.360         4464 
      D44N-H-C45H    118.100      8.180      8.340          -86 
     D44N-H-C45HA    118.100      8.180      3.630          218 
     D44N-H-T51HA    118.100      8.180      4.090          640 
      D44N-H-I52H    118.100      8.180      8.340          -86 
    D44N-H-I52HD1    118.100      8.180      0.270          892 
   D44N-H-I52HG13    118.100      8.180      1.670         2809 
      C45N-H-D44H    120.300      8.340      8.180         -986 
     C45N-H-D44HA    120.300      8.340      4.870        17005 
    C45N-H-D44HB2    120.300      8.340      2.280         9003 
    C45N-H-D44HB3    120.300      8.340      2.360         4157 
         C45N-H-H    120.300      8.340      8.340       352277 
        C45N-H-HA    120.300      8.340      3.630         5241 
       C45N-H-HB2    120.300      8.340      3.140        11093 
       C45N-H-HB3    120.300      8.340      3.310        12198 
      C45N-H-F46H    120.300      8.340      6.050          285 
     C45N-H-F46HA    120.300      8.340      3.920          401 
      C45N-H-F47H    120.300      8.340      9.690          754 
      C45N-H-C48H    120.300      8.340      8.380        43378 
      C45N-H-K49H    120.300      8.340      8.010        -1959 
     C45N-H-K49HA    120.300      8.340      4.140         2807 
    C45N-H-K49HB2    120.300      8.340      2.140          750 
      C45N-H-T50H    120.300      8.340      8.080        -1115 
     C45N-H-T50HA    120.300      8.340      4.380          621 
     C45N-H-T50HB    120.300      8.340      4.060         1509 
    C45N-H-T50HG2    120.300      8.340      1.410          564 
      C45N-H-T51H    120.300      8.340      8.850         3199 
     C45N-H-T51HA    120.300      8.340      4.090         3008 
      C45N-H-I52H    120.300      8.340      8.340       352277 
     C45N-H-I52HA    120.300      8.340      4.240         9405 
    C45N-H-I52HD1    120.300      8.340      0.270         2348 
   C45N-H-I52HG12    120.300      8.340      1.020         1718 
   C45N-H-I52HG13    120.300      8.340      1.670         4362 
    F46N-H-I35HD1    125.400      6.050      0.060          860 
      F46N-H-C45H    125.400      6.050      8.340          505 
     F46N-H-C45HA    125.400      6.050      3.630        19125 
    F46N-H-C45HB2    125.400      6.050      3.140          493 
    F46N-H-C45HB3    125.400      6.050      3.310          241 
         F46N-H-H    125.400      6.050      6.050       147352 
        F46N-H-HA    125.400      6.050      3.920         4956 
       F46N-H-HB2    125.400      6.050      1.980         5846 
       F46N-H-HB3    125.400      6.050      2.110         5992 
       F46N-H-HD1    125.400      6.050      6.250         5946 
       F46N-H-HD2    125.400      6.050      6.250         5946 
       F46N-H-HE1    125.400      6.050      7.080          886 
      F46N-H-F47H    125.400      6.050      9.690         3762 
      F46N-H-C48H    125.400      6.050      8.380          206 
      F46N-H-K49H    125.400      6.050      8.010          379 
    F46N-H-I52HD1    125.400      6.050      0.270         1852 
    F47N-H-I13HD1    119.400      9.690     -0.050           -8 
    F47N-H-F23HD2    119.400      9.690      7.220          387 
    F47N-H-H28HB2    119.400      9.690      3.230           73 
    F47N-H-H28HB3    119.400      9.690      3.590          248 
      F47N-H-C45H    119.400      9.690      8.340         2449 
     F47N-H-C45HA    119.400      9.690      3.630          486 
    F47N-H-C45HB3    119.400      9.690      3.310          741 
      F47N-H-F46H    119.400      9.690      6.050         2580 
     F47N-H-F46HA    119.400      9.690      3.920         1136 
    F47N-H-F46HB2    119.400      9.690      1.980         1288 
    F47N-H-F46HB3    119.400      9.690      2.110         1633 
    F47N-H-F46HD1    119.400      9.690      6.250         1665 
    F47N-H-F46HD2    119.400      9.690      6.250         1665 
         F47N-H-H    119.400      9.690      9.690       102751 
        F47N-H-HA    119.400      9.690      4.490         2131 
       F47N-H-HB2    119.400      9.690      2.220         4378 
       F47N-H-HB3    119.400      9.690      2.850         1470 
       F47N-H-HD1    119.400      9.690      7.290         3149 
       F47N-H-HD2    119.400      9.690      7.290         3149 
       F47N-H-HE2    119.400      9.690      7.470          362 
      F47N-H-C48H    119.400      9.690      8.380         6590 
     F47N-H-C48HA    119.400      9.690      5.090           16 
    F47N-H-C48HB3    119.400      9.690      3.590          248 
      F47N-H-K49H    119.400      9.690      8.010         1251 
     F47N-H-K49HA    119.400      9.690      4.140          427 
    C48N-H-H28HE1    117.300      8.380      7.910          369 
      C48N-H-C45H    117.300      8.380      8.340        49511 
    C48N-H-C45HB3    117.300      8.380      3.310         4755 
      C48N-H-F46H    117.300      8.380      6.050          650 
     C48N-H-F46HA    117.300      8.380      3.920          214 
      C48N-H-F47H    117.300      8.380      9.690        11942 
     C48N-H-F47HA    117.300      8.380      4.490         1280 
    C48N-H-F47HB2    117.300      8.380      2.220         9443 
    C48N-H-F47HB3    117.300      8.380      2.850         6391 
    C48N-H-F47HD1    117.300      8.380      7.290         1867 
    C48N-H-F47HD2    117.300      8.380      7.290         1867 
         C48N-H-H    117.300      8.380      8.380       154766 
        C48N-H-HA    117.300      8.380      5.090         3903 
       C48N-H-HB2    117.300      8.380      2.840         5990 
       C48N-H-HB3    117.300      8.380      3.590         1902 
      C48N-H-K49H    117.300      8.380      8.010        14607 
     C48N-H-K49HA    117.300      8.380      4.140         1143 
    C48N-H-K49HB2    117.300      8.380      2.140         1277 
      C48N-H-T50H    117.300      8.380      8.080         -275 
    K49N-H-D44HB2    117.100      8.010      2.280         1328 
      K49N-H-C45H    117.100      8.010      8.340         6931 
     K49N-H-C45HA    117.100      8.010      3.630         1430 
    K49N-H-C45HB2    117.100      8.010      3.140         2142 
    K49N-H-C45HB3    117.100      8.010      3.310         8045 
      K49N-H-F46H    117.100      8.010      6.050          647 
     K49N-H-F46HA    117.100      8.010      3.920          768 
      K49N-H-F47H    117.100      8.010      9.690         2276 
     K49N-H-F47HA    117.100      8.010      4.490          422 
    K49N-H-F47HB2    117.100      8.010      2.220          918 
    K49N-H-F47HB3    117.100      8.010      2.850         1157 
      K49N-H-C48H    117.100      8.010      8.380        18804 
     K49N-H-C48HA    117.100      8.010      5.090         3212 
    K49N-H-C48HB2    117.100      8.010      2.840         1337 
    K49N-H-C48HB3    117.100      8.010      3.590         1749 
         K49N-H-H    117.100      8.010      8.010       254885 
        K49N-H-HA    117.100      8.010      4.140        32877 
       K49N-H-HB2    117.100      8.010      2.140         6489 
       K49N-H-HB3    117.100      8.010      2.140         6489 
       K49N-H-HD2    117.100      8.010      1.630         3161 
       K49N-H-HG2    117.100      8.010      1.290         5297 
       K49N-H-HG3    117.100      8.010      1.390         4517 
      K49N-H-T50H    117.100      8.010      8.080         6323 
     K49N-H-T50HA    117.100      8.010      4.380          270 
     K49N-H-T50HB    117.100      8.010      4.060          -20 
     T50N-H-D44HA    118.400      8.080      4.870            2 
    T50N-H-D44HB3    118.400      8.080      2.360          595 
      T50N-H-C45H    118.400      8.080      8.340         5008 
     T50N-H-C45HA    118.400      8.080      3.630         1145 
    T50N-H-C45HB2    118.400      8.080      3.140         4243 
    T50N-H-C45HB3    118.400      8.080      3.310        14209 
      T50N-H-C48H    118.400      8.080      8.380         1214 
     T50N-H-C48HA    118.400      8.080      5.090          460 
    T50N-H-C48HB2    118.400      8.080      2.840          989 
    T50N-H-C48HB3    118.400      8.080      3.590         1316 
      T50N-H-K49H    118.400      8.080      8.010         1208 
     T50N-H-K49HA    118.400      8.080      4.140         6344 
    T50N-H-K49HB2    118.400      8.080      2.140         2178 
    T50N-H-K49HB3    118.400      8.080      2.140         2178 
         T50N-H-H    118.400      8.080      8.080       274493 
        T50N-H-HA    118.400      8.080      4.380         8548 
        T50N-H-HB    118.400      8.080      4.060        14601 
       T50N-H-HG1    118.400      8.080      5.560         2094 
       T50N-H-HG2    118.400      8.080      1.410         5075 
      T50N-H-T51H    118.400      8.080      8.850          557 
     T50N-H-T51HA    118.400      8.080      4.090         9706 
     T51N-H-D44HA    126.000      8.850      4.870          745 
      T51N-H-C45H    126.000      8.850      8.340          346 
      T51N-H-T50H    126.000      8.850      8.080         -158 
     T51N-H-T50HA    126.000      8.850      4.380        25198 
     T51N-H-T50HB    126.000      8.850      4.060         4499 
    T51N-H-T50HG1    126.000      8.850      5.560           34 
    T51N-H-T50HG2    126.000      8.850      1.410        12691 
         T51N-H-H    126.000      8.850      8.850       202912 
        T51N-H-HA    126.000      8.850      4.090         6939 
        T51N-H-HB    126.000      8.850      3.970        16496 
       T51N-H-HG2    126.000      8.850      1.140         2820 
      T51N-H-I52H    126.000      8.850      8.340          346 
     T51N-H-I52HA    126.000      8.850      4.240          366 
    I52N-H-I35HD1    129.100      8.340      0.060         -173 
    I52N-H-L39HD2    129.100      8.340      0.660          512 
     I52N-H-K43HA    129.100      8.340      4.490          137 
    I52N-H-K43HB2    129.100      8.340      1.680         6086 
    I52N-H-K43HB3    129.100      8.340      1.950          823 
      I52N-H-D44H    129.100      8.340      8.180        -2855 
     I52N-H-D44HA    129.100      8.340      4.870         6815 
    I52N-H-D44HB2    129.100      8.340      2.280          363 
    I52N-H-D44HB3    129.100      8.340      2.360          580 
      I52N-H-C45H    129.100      8.340      8.340       182269 
    I52N-H-T50HG2    129.100      8.340      1.410          529 
      I52N-H-T51H    129.100      8.340      8.850          937 
     I52N-H-T51HA    129.100      8.340      4.090        18888 
     I52N-H-T51HB    129.100      8.340      3.970         1908 
    I52N-H-T51HG2    129.100      8.340      1.140         9931 
         I52N-H-H    129.100      8.340      8.340       182269 
        I52N-H-HA    129.100      8.340      4.240         4257 
        I52N-H-HB    129.100      8.340      1.540        14859 
       I52N-H-HD1    129.100      8.340      0.270         1920 
      I52N-H-HG12    129.100      8.340      1.020         2935 
      I52N-H-HG13    129.100      8.340      1.670         8549 
       I52N-H-HG2    129.100      8.340      0.810         2684 
      I52N-H-V53H    129.100      8.340      9.420          621 
     I52N-H-V53HA    129.100      8.340      4.110        18888 
    I52N-H-V53HG2    129.100      8.340      0.980         1212 
    I52N-H-V55HG2    129.100      8.340      0.890          113 
    V53N-H-F23HB3    128.900      9.420      3.490         3409 
      V53N-H-Q24H    128.900      9.420      9.240         4552 
    V53N-H-P25HD2    128.900      9.420      3.520         4602 
    V53N-H-P25HD3    128.900      9.420      4.140         6659 
    V53N-H-T50HG2    128.900      9.420      1.410            4 
    V53N-H-T51HG2    128.900      9.420      1.140          599 
      V53N-H-I52H    128.900      9.420      8.340          900 
     V53N-H-I52HA    128.900      9.420      4.240        20272 
     V53N-H-I52HB    128.900      9.420      1.540          706 
    V53N-H-I52HD1    128.900      9.420      0.270          422 
   V53N-H-I52HG12    128.900      9.420      1.020         3139 
   V53N-H-I52HG13    128.900      9.420      1.670          666 
    V53N-H-I52HG2    128.900      9.420      0.810         6510 
         V53N-H-H    128.900      9.420      9.420       145406 
        V53N-H-HA    128.900      9.420      4.110         5662 
        V53N-H-HB    128.900      9.420      2.000        10576 
       V53N-H-HG1    128.900      9.420      0.950        10203 
       V53N-H-HG2    128.900      9.420      0.980        13661 
      V53N-H-S54H    128.900      9.420      7.920        14517 
     V53N-H-S54HA    128.900      9.420      4.650          463 
    V53N-H-V55HG2    128.900      9.420      0.890            8 
     S54N-H-F23HA    113.100      7.920      5.390          477 
      S54N-H-Q24H    113.100      7.920      9.240         5184 
     S54N-H-Q24HA    113.100      7.920      5.050          114 
    S54N-H-Q24HB2    113.100      7.920      2.050        10134 
    S54N-H-Q24HB3    113.100      7.920      2.050        10134 
    S54N-H-P25HD2    113.100      7.920      3.520          735 
    S54N-H-P25HD3    113.100      7.920      4.140         2948 
     S54N-H-I52HA    113.100      7.920      4.240         2046 
     S54N-H-I52HB    113.100      7.920      1.540          577 
    S54N-H-I52HD1    113.100      7.920      0.270          412 
    S54N-H-I52HG2    113.100      7.920      0.810        13623 
      S54N-H-V53H    113.100      7.920      9.420        16796 
     S54N-H-V53HA    113.100      7.920      4.110         3061 
     S54N-H-V53HB    113.100      7.920      2.000        11622 
    S54N-H-V53HG1    113.100      7.920      0.950         6308 
    S54N-H-V53HG2    113.100      7.920      0.980         7107 
         S54N-H-H    113.100      7.920      7.920       252928 
        S54N-H-HA    113.100      7.920      4.650         6085 
       S54N-H-HB2    113.100      7.920      3.850         3665 
       S54N-H-HB3    113.100      7.920      3.890         2212 
      S54N-H-V55H    113.100      7.920      8.430         1378 
     S54N-H-V55HA    113.100      7.920      4.790          515 
    S54N-H-V55HG2    113.100      7.920      0.890         1061 
     V55N-H-F23HA    121.200      8.430      5.390           82 
      V55N-H-Q24H    121.200      8.430      9.240         1004 
    V55N-H-I52HD1    121.200      8.430      0.270           81 
    V55N-H-I52HG2    121.200      8.430      0.810         1138 
      V55N-H-S54H    121.200      8.430      7.920         -639 
     V55N-H-S54HA    121.200      8.430      4.650        34739 
    V55N-H-S54HB2    121.200      8.430      3.850         8782 
    V55N-H-S54HB3    121.200      8.430      3.890        12189 
         V55N-H-H    121.200      8.430      8.430       300245 
        V55N-H-HA    121.200      8.430      4.790         9457 
        V55N-H-HB    121.200      8.430      1.980        15373 
       V55N-H-HG1    121.200      8.430      1.040         3169 
       V55N-H-HG2    121.200      8.430      0.890         9561 
      V55N-H-E56H    121.200      8.430      9.310         2303 
     V55N-H-E56HA    121.200      8.430      4.840         2552 
     E56N-H-A21HA    126.900      9.310      5.540          432 
     E56N-H-A21HB    126.900      9.310      1.340         1056 
      E56N-H-V22H    126.900      9.310      9.040         7856 
     E56N-H-V22HA    126.900      9.310      4.680         2146 
     E56N-H-V22HB    126.900      9.310      1.660          652 
    E56N-H-V22HG1    126.900      9.310      0.960         3213 
    E56N-H-V22HG2    126.900      9.310      0.750          529 
      E56N-H-F23H    126.900      9.310      8.660          905 
     E56N-H-F23HA    126.900      9.310      5.390         2054 
    E56N-H-F23HD1    126.900      9.310      7.220          765 
      E56N-H-Q24H    126.900      9.310      9.240         3356 
    E56N-H-Q24HB2    126.900      9.310      2.050          209 
      E56N-H-V55H    126.900      9.310      8.430         1373 
     E56N-H-V55HA    126.900      9.310      4.790        29674 
     E56N-H-V55HB    126.900      9.310      1.980        10049 
    E56N-H-V55HG1    126.900      9.310      1.040         8346 
    E56N-H-V55HG2    126.900      9.310      0.890         1863 
         E56N-H-H    126.900      9.310      9.310       207383 
        E56N-H-HA    126.900      9.310      4.840        13258 
       E56N-H-HB2    126.900      9.310      1.970        10049 
       E56N-H-HB3    126.900      9.310      2.190         3926 
       E56N-H-HG2    126.900      9.310      2.280         4018 
       E56N-H-HG3    126.900      9.310      2.280         4018 
      E56N-H-D57H    126.900      9.310      8.720         1928 
     E56N-H-D57HA    126.900      9.310      4.850        13258 
     D57N-H-A21HA    121.900      8.720      5.540          115 
     D57N-H-A21HB    121.900      8.720      1.340          355 
      D57N-H-V22H    121.900      8.720      9.040         1459 
    D57N-H-V22HG1    121.900      8.720      0.960          614 
    D57N-H-V55HG1    121.900      8.720      1.040          513 
      D57N-H-E56H    121.900      8.720      9.310         2308 
     D57N-H-E56HA    121.900      8.720      4.840        33091 
    D57N-H-E56HB2    121.900      8.720      1.970         2804 
    D57N-H-E56HB3    121.900      8.720      2.190         9096 
    D57N-H-E56HG2    121.900      8.720      2.280         1424 
    D57N-H-E56HG3    121.900      8.720      2.280         1424 
         D57N-H-H    121.900      8.720      8.720       273598 
        D57N-H-HA    121.900      8.720      4.850        33091 
       D57N-H-HB2    121.900      8.720      2.600        16074 
       D57N-H-HB3    121.900      8.720      2.750         5392 
      D57N-H-W58H    121.900      8.720      7.910           18 
     D57N-H-W58HA    121.900      8.720      4.640          725 
    W58N-H-I19HG2    123.400      7.910      0.620          539 
      W58N-H-S20H    123.400      7.910      8.100         1526 
     W58N-H-S20HA    123.400      7.910      5.180         2609 
    W58N-H-S20HB3    123.400      7.910      4.410          828 
      W58N-H-A21H    123.400      7.910      8.610          792 
     W58N-H-A21HA    123.400      7.910      5.540         8436 
     W58N-H-A21HB    123.400      7.910      1.340         1497 
      W58N-H-V22H    123.400      7.910      9.040         1345 
    W58N-H-V22HG1    123.400      7.910      0.960          851 
      W58N-H-D57H    123.400      7.910      8.720         1337 
     W58N-H-D57HA    123.400      7.910      4.850        35794 
    W58N-H-D57HB2    123.400      7.910      2.600         2385 
    W58N-H-D57HB3    123.400      7.910      2.750        21596 
         W58N-H-H    123.400      7.910      7.910       313685 
        W58N-H-HA    123.400      7.910      4.640         6389 
       W58N-H-HB2    123.400      7.910      2.770        21315 
       W58N-H-HB3    123.400      7.910      2.770        21315 
       W58N-H-HD1    123.400      7.910      7.060           35 
       W58N-H-HE3    123.400      7.910      7.290          256 
      W58N-H-E59H    123.400      7.910      7.620         1811 
     W58N-H-E59HA    123.400      7.910      4.110          656 
 W58NE1-HE1-V22HB    129.300     10.130      1.660          516 
W58NE1-HE1-V22HG1    129.300     10.130      0.960          397 
W58NE1-HE1-V22HG2    129.300     10.130      0.750          630 
W58NE1-HE1-K29HD2    129.300     10.130      0.630         1202 
W58NE1-HE1-K29HD3    129.300     10.130      0.740          630 
W58NE1-HE1-K29HE2    129.300     10.130      2.140         1554 
W58NE1-HE1-K29HE3    129.300     10.130      2.140         1554 
    W58NE1-HE1-HA    129.300     10.130      4.640          130 
   W58NE1-HE1-HB2    129.300     10.130      2.770          312 
   W58NE1-HE1-HB3    129.300     10.130      2.770          312 
   W58NE1-HE1-HD1    129.300     10.130      7.060         8259 
   W58NE1-HE1-HE1    129.300     10.130     10.130       131524 
   W58NE1-HE1-HE3    129.300     10.130      7.290           14 
   W58NE1-HE1-HH2    129.300     10.130      7.160         -161 
   W58NE1-HE1-HZ2    129.300     10.130      7.410         4077 
   W58NE1-HE1-HZ3    129.300     10.130      7.070         8259 
  W58NE1-HE1-E59H    129.300     10.130      7.620         -158 
    E59N-H-V22HG1    125.300      7.620      0.960          680 
      E59N-H-W58H    125.300      7.620      7.910         3542 
     E59N-H-W58HA    125.300      7.620      4.640        35260 
    E59N-H-W58HB2    125.300      7.620      2.770         3803 
    E59N-H-W58HB3    125.300      7.620      2.770         3803 
    E59N-H-W58HD1    125.300      7.620      7.060         1016 
    E59N-H-W58HE1    125.300      7.620     10.130          140 
    E59N-H-W58HE3    125.300      7.620      7.290         -161 
         E59N-H-H    125.300      7.620      7.620       357878 
        E59N-H-HA    125.300      7.620      4.110         8007 
       E59N-H-HB2    125.300      7.620      1.690         7205 
       E59N-H-HB3    125.300      7.620      1.820         4185 
       E59N-H-HG2    125.300      7.620      2.000         4762 
       E59N-H-HG3    125.300      7.620      2.000         4762 
      E59N-H-K60H    125.300      7.620      7.860         1965 
     E59N-H-K60HA    125.300      7.620      3.710          389 
      K60N-H-E59H    122.700      7.860      7.620         -404 
     K60N-H-E59HA    122.700      7.860      4.110        25683 
    K60N-H-E59HB2    122.700      7.860      1.690        11520 
    K60N-H-E59HB3    122.700      7.860      1.820         4361 
    K60N-H-E59HG2    122.700      7.860      2.000         1944 
    K60N-H-E59HG3    122.700      7.860      2.000         1944 
         K60N-H-H    122.700      7.860      7.860       376236 
        K60N-H-HA    122.700      7.860      3.710         5834 
       K60N-H-HB2    122.700      7.860      1.620         9113 
       K60N-H-HB3    122.700      7.860      1.690        11520 
       K60N-H-HG2    122.700      7.860      1.360         4037 
       K60N-H-HG3    122.700      7.860      1.360         4037 
      K60N-H-G61H    122.700      7.860      7.900       111977 
      G61N-H-K60H    116.700      7.900      7.860       164057 
     G61N-H-K60HA    116.700      7.900      3.710        24563 
    G61N-H-K60HB2    116.700      7.900      1.620         1874 
    G61N-H-K60HB3    116.700      7.900      1.690         2767 
    G61N-H-K60HG2    116.700      7.900      1.360         2690 
    G61N-H-K60HG3    116.700      7.900      1.360         2690 
         G61N-H-H    116.700      7.900      7.900       570389 
       G61N-H-HA2    116.700      7.900      3.700        27807 
       G61N-H-HA3    116.700      7.900      3.700        27807 
