      Assignment         w1         w2         w3   Data Height 

    N3ND2-HD21-HA    112.841      7.424      4.477          707 
   N3ND2-HD21-HB2    112.841      7.424      2.499          686 
   N3ND2-HD21-HB3    112.841      7.424      2.499          686 
  N3ND2-HD21-HD21    112.841      7.424      7.424        10899 
  N3ND2-HD21-HD22    112.841      7.424      6.782        12343 
   N3ND2-HD22-HB2    112.841      6.782      2.499         1367 
   N3ND2-HD22-HB3    112.841      6.782      2.499         1367 
  N3ND2-HD22-HD21    112.841      6.782      7.424        24849 
  N3ND2-HD22-HD22    112.841      6.782      6.782       198598 
       K4N-H-D2HA    121.245      8.177      4.522        -1727 
       K4N-H-N3HA    121.245      8.177      4.477          187 
      K4N-H-N3HB2    121.245      8.177      2.499         1125 
      K4N-H-N3HB3    121.245      8.177      2.499         1125 
          K4N-H-H    121.245      8.177      8.177       102436 
         K4N-H-HA    121.245      8.177      4.075          223 
        K4N-H-HB2    121.245      8.177      1.548           74 
        K4N-H-HB3    121.245      8.177      1.594         -712 
        K4N-H-HG3    121.245      8.177      1.143          919 
        K4N-H-F5H    121.245      8.177      8.026         -466 
        F5N-H-K4H    119.787      8.026      8.177         3207 
       F5N-H-K4HA    119.787      8.026      4.075         2181 
      F5N-H-K4HB2    119.787      8.026      1.548          141 
      F5N-H-K4HB3    119.787      8.026      1.594          -36 
          F5N-H-H    119.787      8.026      8.026         2836 
         F5N-H-HA    119.787      8.026      4.878          676 
        F5N-H-HB2    119.787      8.026      3.227          384 
        F5N-H-HB3    119.787      8.026      2.925         1402 
        F5N-H-N6H    119.787      8.026      8.421         -354 
     F5N-H-Q10HB3    119.787      8.026      2.104         -457 
        N6N-H-F5H    120.990      8.421      8.026         3949 
       N6N-H-F5HA    120.990      8.421      4.878        15430 
      N6N-H-F5HB2    120.990      8.421      3.227         7786 
      N6N-H-F5HB3    120.990      8.421      2.925         3028 
          N6N-H-H    120.990      8.421      8.421      1114075 
         N6N-H-HA    120.990      8.421      4.623        52218 
        N6N-H-HB2    120.990      8.421      2.853         9369 
        N6N-H-HB3    120.990      8.421      3.145         7209 
       N6N-H-HD21    120.990      8.421      7.472         1099 
       N6N-H-HD22    120.990      8.421      6.876         3554 
        N6N-H-K7H    120.990      8.421      8.293        22490 
        N6N-H-Q9H    120.990      8.421      8.445       757743 
      N6N-H-Q9HB2    120.990      8.421      1.590        25096 
      N6N-H-Q9HB3    120.990      8.421      2.081       108850 
      N6N-H-Q9HG2    120.990      8.421      2.331        54164 
      N6N-H-Q9HG3    120.990      8.421      2.244        25229 
       N6N-H-Q10H    120.990      8.421      8.509        40560 
     N6N-H-Q10HB3    120.990      8.421      2.104        67886 
     N6ND2-HD21-H    110.850      7.472      8.421         -110 
    N6ND2-HD21-HA    110.850      7.472      4.623        25881 
   N6ND2-HD21-HB2    110.850      7.472      2.853        20695 
   N6ND2-HD21-HB3    110.850      7.472      3.145        13273 
  N6ND2-HD21-HD21    110.850      7.472      7.472       263633 
  N6ND2-HD21-HD22    110.850      7.472      6.876       275248 
 N6ND2-HD21-Q9HB2    110.850      7.472      1.590         -514 
N6ND2-HD21-Q9HE22    110.850      7.472      7.272         4119 
 N6ND2-HD21-Q9HG3    110.850      7.472      2.244          750 
     N6ND2-HD22-H    110.850      6.876      8.421         5075 
   N6ND2-HD22-HB2    110.850      6.876      2.853        21055 
   N6ND2-HD22-HB3    110.850      6.876      3.145        12882 
  N6ND2-HD22-HD21    110.850      6.876      7.472       360492 
  N6ND2-HD22-HD22    110.850      6.876      6.876       914578 
        K7N-H-N6H    119.624      8.293      8.421        -1383 
       K7N-H-N6HA    119.624      8.293      4.623         2556 
      K7N-H-N6HB2    119.624      8.293      2.853          149 
      K7N-H-N6HB3    119.624      8.293      3.145           28 
          K7N-H-H    119.624      8.293      8.293         -615 
         K7N-H-HA    119.624      8.293      4.010          -15 
        K7N-H-HB2    119.624      8.293      1.863         1198 
        K7N-H-HB3    119.624      8.293      1.863         1198 
        K7N-H-HD2    119.624      8.293      1.630         -249 
        K7N-H-HD3    119.624      8.293      1.630         -249 
        K7N-H-HG2    119.624      8.293      1.520          387 
        K7N-H-HG3    119.624      8.293      1.311           97 
        K7N-H-E8H    119.624      8.293      8.180        -2536 
        K7N-H-Q9H    119.624      8.293      8.445         -826 
     K7N-H-Q10HG2    119.624      8.293      2.365          171 
      E8N-H-N6HB2    119.667      8.180      2.853         8344 
      E8N-H-N6HB3    119.667      8.180      3.145         7212 
        E8N-H-K7H    119.667      8.180      8.293        36594 
       E8N-H-K7HA    119.667      8.180      4.010        52690 
      E8N-H-K7HB2    119.667      8.180      1.863         3828 
      E8N-H-K7HB3    119.667      8.180      1.863         3828 
          E8N-H-H    119.667      8.180      8.180      1016174 
         E8N-H-HA    119.667      8.180      4.008        52690 
        E8N-H-HB2    119.667      8.180      1.963        38514 
        E8N-H-HB3    119.667      8.180      2.034        82349 
        E8N-H-HG2    119.667      8.180      2.229        31402 
        E8N-H-HG3    119.667      8.180      2.229        31402 
        E8N-H-Q9H    119.667      8.180      8.445        32879 
      E8N-H-Q9HB2    119.667      8.180      1.590         3472 
       E8N-H-Q10H    119.667      8.180      8.509         8804 
        Q9N-H-N6H    121.254      8.445      8.421       255156 
      Q9N-H-N6HB2    121.254      8.445      2.853         1213 
      Q9N-H-N6HB3    121.254      8.445      3.145          -69 
        Q9N-H-K7H    121.254      8.445      8.293         2709 
       Q9N-H-K7HA    121.254      8.445      4.010         3094 
        Q9N-H-E8H    121.254      8.445      8.180         8370 
       Q9N-H-E8HA    121.254      8.445      4.008         3094 
      Q9N-H-E8HB2    121.254      8.445      1.963         6365 
      Q9N-H-E8HB3    121.254      8.445      2.034        12848 
      Q9N-H-E8HG2    121.254      8.445      2.229         5262 
          Q9N-H-H    121.254      8.445      8.445       185101 
         Q9N-H-HA    121.254      8.445      3.769         5648 
        Q9N-H-HB2    121.254      8.445      1.590         5904 
        Q9N-H-HB3    121.254      8.445      2.081        25428 
        Q9N-H-HG2    121.254      8.445      2.331        12439 
        Q9N-H-HG3    121.254      8.445      2.244         5827 
       Q9N-H-Q10H    121.254      8.445      8.509         6200 
     Q9N-H-Q10HG2    121.254      8.445      2.365        10957 
       Q9N-H-N11H    121.254      8.445      8.242         6735 
       Q9N-H-A12H    121.254      8.445      7.836          791 
   Q9NE2-HE21-HB2    112.083      7.055      1.590        -1544 
   Q9NE2-HE21-HB3    112.083      7.055      2.081         5830 
  Q9NE2-HE21-HE21    112.083      7.055      7.055       466971 
  Q9NE2-HE21-HE22    112.083      7.055      7.272       269866 
   Q9NE2-HE21-HG2    112.083      7.055      2.331        11363 
   Q9NE2-HE21-HG3    112.083      7.055      2.244        12294 
 Q9NE2-HE21-K35HA    112.083      7.055      3.914        10380 
 Q9NE2-HE21-P38HA    112.083      7.055      4.393         -365 
Q9NE2-HE21-P38HB2    112.083      7.055      2.213         8210 
Q9NE2-HE21-P38HB3    112.083      7.055      1.878        -1594 
Q9NE2-HE21-P38HD3    112.083      7.055      3.779         3058 
Q9NE2-HE21-P38HG2    112.083      7.055      2.003         1952 
Q9NE2-HE21-P38HG3    112.083      7.055      2.119         4600 
Q9NE2-HE22-N6HD21    112.083      7.272      7.472         9764 
   Q9NE2-HE22-HB2    112.083      7.272      1.590         5044 
   Q9NE2-HE22-HB3    112.083      7.272      2.081         5480 
  Q9NE2-HE22-HE21    112.083      7.272      7.055       396851 
  Q9NE2-HE22-HE22    112.083      7.272      7.272       688679 
   Q9NE2-HE22-HG2    112.083      7.272      2.331        33930 
   Q9NE2-HE22-HG3    112.083      7.272      2.244        38295 
 Q9NE2-HE22-K35HA    112.083      7.272      3.914        12464 
Q9NE2-HE22-P38HB3    112.083      7.272      1.878         4418 
Q9NE2-HE22-P38HG3    112.083      7.272      2.119         7737 
     Q10N-H-F5HB2    118.740      8.509      3.227         6520 
     Q10N-H-F5HB3    118.740      8.509      2.925         2442 
       Q10N-H-N6H    118.740      8.509      8.421        74117 
      Q10N-H-N6HA    118.740      8.509      4.623        15628 
      Q10N-H-K7HA    118.740      8.509      4.010         1166 
       Q10N-H-E8H    118.740      8.509      8.180         4840 
      Q10N-H-E8HA    118.740      8.509      4.008         1166 
       Q10N-H-Q9H    118.740      8.509      8.445       177560 
      Q10N-H-Q9HA    118.740      8.509      3.769         3544 
     Q10N-H-Q9HB2    118.740      8.509      1.590         5807 
     Q10N-H-Q9HB3    118.740      8.509      2.081        38385 
     Q10N-H-Q9HG3    118.740      8.509      2.244          898 
         Q10N-H-H    118.740      8.509      8.509       266504 
        Q10N-H-HA    118.740      8.509      3.883        18383 
       Q10N-H-HB2    118.740      8.509      2.104        49739 
       Q10N-H-HB3    118.740      8.509      2.104        49739 
       Q10N-H-HG2    118.740      8.509      2.365        14731 
       Q10N-H-HG3    118.740      8.509      2.365        14731 
      Q10N-H-N11H    118.740      8.509      8.242         8369 
      Q10N-H-A12H    118.740      8.509      7.836         -295 
      Q10N-H-F13H    118.740      8.509      8.136         1982 
  Q10NE2-HE21-HB2    111.797      7.145      2.104           70 
  Q10NE2-HE21-HB3    111.797      7.145      2.104           70 
 Q10NE2-HE21-HE21    111.797      7.145      7.145        25346 
 Q10NE2-HE21-HE22    111.797      7.145      6.789         7627 
  Q10NE2-HE21-HG2    111.797      7.145      2.365          927 
  Q10NE2-HE21-HG3    111.797      7.145      2.365          927 
  Q10NE2-HE22-HB2    111.797      6.789      2.104          -33 
  Q10NE2-HE22-HB3    111.797      6.789      2.104          -33 
 Q10NE2-HE22-HE21    111.797      6.789      7.145        11445 
 Q10NE2-HE22-HE22    111.797      6.789      6.789        43130 
  Q10NE2-HE22-HG2    111.797      6.789      2.365          129 
  Q10NE2-HE22-HG3    111.797      6.789      2.365          129 
      N11N-H-K7HA    118.035      8.242      4.010        14021 
      N11N-H-E8HA    118.035      8.242      4.008        14021 
       N11N-H-Q9H    118.035      8.242      8.445        28379 
      N11N-H-Q9HA    118.035      8.242      3.769         4511 
      N11N-H-Q10H    118.035      8.242      8.509        18945 
     N11N-H-Q10HA    118.035      8.242      3.883        16153 
    N11N-H-Q10HB2    118.035      8.242      2.104        45321 
    N11N-H-Q10HB3    118.035      8.242      2.104        45321 
    N11N-H-Q10HG2    118.035      8.242      2.365         7280 
    N11N-H-Q10HG3    118.035      8.242      2.365         7280 
         N11N-H-H    118.035      8.242      8.242       551153 
        N11N-H-HA    118.035      8.242      4.516        33018 
       N11N-H-HB2    118.035      8.242      2.822        81764 
       N11N-H-HB3    118.035      8.242      2.822        81764 
      N11N-H-HD21    118.035      8.242      6.953         3865 
      N11N-H-A12H    118.035      8.242      7.836        16263 
     N11N-H-A12HB    118.035      8.242      1.370         5630 
      N11N-H-F13H    118.035      8.242      8.136        16260 
      N11N-H-Y14H    118.035      8.242      7.983        -1170 
 N11ND2-HD21-E8HA    112.278      6.953      4.008         6277 
    N11ND2-HD21-H    112.278      6.953      8.242          -83 
   N11ND2-HD21-HA    112.278      6.953      4.516         9384 
  N11ND2-HD21-HB2    112.278      6.953      2.822        16471 
  N11ND2-HD21-HB3    112.278      6.953      2.822        16471 
 N11ND2-HD21-HD21    112.278      6.953      6.953       638303 
 N11ND2-HD21-HD22    112.278      6.953      7.640       317337 
  N11ND2-HD22-HB2    112.278      7.640      2.822        17240 
  N11ND2-HD22-HB3    112.278      7.640      2.822        17240 
 N11ND2-HD22-HD21    112.278      7.640      6.953       226260 
 N11ND2-HD22-HD22    112.278      7.640      7.640       267026 
      A12N-H-E8HA    122.725      7.836      4.008        21287 
       A12N-H-Q9H    122.725      7.836      8.445         3213 
      A12N-H-Q9HA    122.725      7.836      3.769         4785 
      A12N-H-Q10H    122.725      7.836      8.509         2296 
      A12N-H-N11H    122.725      7.836      8.242        15241 
     A12N-H-N11HA    122.725      7.836      4.516        15567 
    A12N-H-N11HB2    122.725      7.836      2.822        27948 
    A12N-H-N11HB3    122.725      7.836      2.822        27948 
         A12N-H-H    122.725      7.836      7.836       497318 
        A12N-H-HA    122.725      7.836      4.026        27487 
        A12N-H-HB    122.725      7.836      1.370        71645 
      A12N-H-F13H    122.725      7.836      8.136        15337 
    A12N-H-F13HB3    122.725      7.836      3.196         2057 
      A12N-H-Y14H    122.725      7.836      7.983         5435 
      A12N-H-E15H    122.725      7.836      8.307         5196 
    A12N-H-E15HB2    122.725      7.836      1.929          482 
    A12N-H-L34HD1    122.725      7.836      0.683         3522 
    A12N-H-L34HD2    122.725      7.836      0.652         3212 
    A12N-H-L45HD1    122.725      7.836      0.810         5276 
      F13N-H-Q9HA    117.781      8.136      3.769        40646 
      F13N-H-Q10H    117.781      8.136      8.509         5799 
     F13N-H-Q10HA    117.781      8.136      3.883        20257 
      F13N-H-N11H    117.781      8.136      8.242        22305 
     F13N-H-N11HA    117.781      8.136      4.516         3453 
      F13N-H-A12H    117.781      8.136      7.836        39071 
     F13N-H-A12HA    117.781      8.136      4.026        11491 
     F13N-H-A12HB    117.781      8.136      1.370        61916 
         F13N-H-H    117.781      8.136      8.136       981096 
        F13N-H-HA    117.781      8.136      3.796        47240 
       F13N-H-HB2    117.781      8.136      2.920        80218 
       F13N-H-HB3    117.781      8.136      3.196        71191 
       F13N-H-HD1    117.781      8.136      6.941         6953 
       F13N-H-HD2    117.781      8.136      6.941         6953 
      F13N-H-Y14H    117.781      8.136      7.983        39837 
    F13N-H-Y14HB3    117.781      8.136      3.139        26413 
      F13N-H-E15H    117.781      8.136      8.307        16338 
    F13N-H-E15HB2    117.781      8.136      1.929          548 
    F13N-H-L34HD1    117.781      8.136      0.683        23547 
     Y14N-H-Q10HA    117.089      7.983      3.883         1052 
      Y14N-H-N11H    117.089      7.983      8.242         6161 
     Y14N-H-N11HA    117.089      7.983      4.516          694 
      Y14N-H-A12H    117.089      7.983      7.836         1092 
      Y14N-H-F13H    117.089      7.983      8.136         2079 
     Y14N-H-F13HA    117.089      7.983      3.796         2788 
    Y14N-H-F13HB2    117.089      7.983      2.920          845 
    Y14N-H-F13HB3    117.089      7.983      3.196         6068 
    Y14N-H-F13HD1    117.089      7.983      6.941         2797 
         Y14N-H-H    117.089      7.983      7.983       118067 
        Y14N-H-HA    117.089      7.983      3.891         1908 
       Y14N-H-HB2    117.089      7.983      3.109        14665 
       Y14N-H-HB3    117.089      7.983      3.139        13113 
       Y14N-H-HD2    117.089      7.983      7.074          908 
      Y14N-H-E15H    117.089      7.983      8.307         2175 
    Y14N-H-E15HB2    117.089      7.983      1.929         1108 
      Y14N-H-I16H    117.089      7.983      8.268         5151 
      Y14N-H-L17H    117.089      7.983      7.898         7476 
    Y14N-H-L17HB2    117.089      7.983      1.043         -552 
    Y14N-H-L17HD1    117.089      7.983      0.521          236 
     E15N-H-N11HA    118.958      8.307      4.516        11880 
      E15N-H-A12H    118.958      8.307      7.836         9953 
     E15N-H-A12HA    118.958      8.307      4.026         -142 
     E15N-H-A12HB    118.958      8.307      1.370         5136 
      E15N-H-F13H    118.958      8.307      8.136        16121 
     E15N-H-F13HA    118.958      8.307      3.796         7258 
      E15N-H-Y14H    118.958      8.307      7.983         6859 
     E15N-H-Y14HA    118.958      8.307      3.891         2551 
    E15N-H-Y14HB2    118.958      8.307      3.109          327 
    E15N-H-Y14HB3    118.958      8.307      3.139         1416 
    E15N-H-Y14HD2    118.958      8.307      7.074         1845 
    E15N-H-Y14HE2    118.958      8.307      6.656         1988 
         E15N-H-H    118.958      8.307      8.307      2075753 
        E15N-H-HA    118.958      8.307      3.911         1108 
       E15N-H-HB2    118.958      8.307      1.929        36030 
       E15N-H-HB3    118.958      8.307      2.066         9581 
       E15N-H-HG2    118.958      8.307      2.371         1633 
       E15N-H-HG3    118.958      8.307      2.112         8383 
      E15N-H-I16H    118.958      8.307      8.268      1199685 
      E15N-H-L17H    118.958      8.307      7.898        16764 
    E15N-H-L45HD2    118.958      8.307      0.799        26887 
     I16N-H-A12HA    119.275      8.268      4.026          752 
     I16N-H-F13HA    119.275      8.268      3.796         1874 
      I16N-H-Y14H    119.275      8.268      7.983        -2715 
     I16N-H-Y14HA    119.275      8.268      3.891         4513 
      I16N-H-E15H    119.275      8.268      8.307        75622 
     I16N-H-E15HA    119.275      8.268      3.911         4315 
    I16N-H-E15HB2    119.275      8.268      1.929         5177 
    I16N-H-E15HB3    119.275      8.268      2.066         2853 
    I16N-H-E15HG2    119.275      8.268      2.371          321 
         I16N-H-H    119.275      8.268      8.268       120165 
        I16N-H-HA    119.275      8.268      3.366         1136 
        I16N-H-HB    119.275      8.268      1.767         7874 
       I16N-H-HD1    119.275      8.268      0.479         3206 
      I16N-H-HG12    119.275      8.268      0.616         2283 
      I16N-H-HG13    119.275      8.268      1.698         3570 
       I16N-H-HG2    119.275      8.268      0.770         1390 
      I16N-H-L17H    119.275      8.268      7.898          906 
    I16N-H-L17HB2    119.275      8.268      1.043          539 
      I16N-H-H18H    119.275      8.268      7.104          945 
    I16N-H-L19HD1    119.275      8.268      0.621         2283 
     L17N-H-F13HA    118.123      7.898      3.796         -737 
      L17N-H-Y14H    118.123      7.898      7.983        15853 
     L17N-H-Y14HA    118.123      7.898      3.891         7376 
      L17N-H-E15H    118.123      7.898      8.307         1190 
     L17N-H-E15HA    118.123      7.898      3.911         7489 
      L17N-H-I16H    118.123      7.898      8.268         4413 
     L17N-H-I16HA    118.123      7.898      3.366         4721 
     L17N-H-I16HB    118.123      7.898      1.767        18845 
    L17N-H-I16HD1    118.123      7.898      0.479         3586 
   L17N-H-I16HG13    118.123      7.898      1.698         6337 
    L17N-H-I16HG2    118.123      7.898      0.770         6879 
         L17N-H-H    118.123      7.898      7.898       630510 
        L17N-H-HA    118.123      7.898      3.618        21453 
       L17N-H-HB2    118.123      7.898      1.043        16364 
       L17N-H-HB3    118.123      7.898      1.409        44098 
       L17N-H-HD1    118.123      7.898      0.521         8510 
       L17N-H-HD2    118.123      7.898      0.577        11492 
        L17N-H-HG    118.123      7.898      1.304        17411 
      L17N-H-H18H    118.123      7.898      7.104         7993 
      L17N-H-L19H    118.123      7.898      7.135        -1277 
    L17N-H-I31HD1    118.123      7.898      0.601        10739 
     H18N-H-Y14HA    112.304      7.104      3.891         -673 
     H18N-H-E15HA    112.304      7.104      3.911         -583 
      H18N-H-I16H    112.304      7.104      8.268          240 
     H18N-H-I16HA    112.304      7.104      3.366          196 
      H18N-H-L17H    112.304      7.104      7.898          -11 
     H18N-H-L17HA    112.304      7.104      3.618          -39 
    H18N-H-L17HB2    112.304      7.104      1.043          102 
    H18N-H-L17HB3    112.304      7.104      1.409          155 
    H18N-H-L17HD2    112.304      7.104      0.577          258 
     H18N-H-L17HG    112.304      7.104      1.304          297 
         H18N-H-H    112.304      7.104      7.104        25960 
        H18N-H-HA    112.304      7.104      4.366          443 
       H18N-H-HB2    112.304      7.104      3.327          -44 
       H18N-H-HB3    112.304      7.104      2.660         1149 
      H18N-H-L19H    112.304      7.104      7.135         7308 
    H18N-H-L19HB2    112.304      7.104      1.275          449 
     H18N-H-L19HG    112.304      7.104      2.127         -141 
     L19N-H-I16HA    124.385      7.135      3.366         4892 
    L19N-H-I16HG2    124.385      7.135      0.770         5008 
      L19N-H-L17H    124.385      7.135      7.898          164 
     L19N-H-L17HA    124.385      7.135      3.618         1419 
      L19N-H-H18H    124.385      7.135      7.104       180306 
     L19N-H-H18HA    124.385      7.135      4.366         3349 
    L19N-H-H18HB2    124.385      7.135      3.327         3082 
    L19N-H-H18HB3    124.385      7.135      2.660         1488 
         L19N-H-H    124.385      7.135      7.135       382806 
        L19N-H-HA    124.385      7.135      4.446        10320 
       L19N-H-HB2    124.385      7.135      1.275         8470 
       L19N-H-HB3    124.385      7.135      1.695        24737 
       L19N-H-HD1    124.385      7.135      0.621         3580 
       L19N-H-HD2    124.385      7.135      0.789         6572 
        L19N-H-HG    124.385      7.135      2.127        21447 
    L19N-H-P20HD3    124.385      7.135      3.999         1087 
    L19N-H-L22HD2    124.385      7.135      0.910          879 
     N21N-H-L19HA    114.367      8.820      4.446        14146 
    N21N-H-L19HB3    114.367      8.820      1.695        33811 
    N21N-H-L19HD2    114.367      8.820      0.789        11960 
     N21N-H-P20HA    114.367      8.820      4.342        22010 
    N21N-H-P20HB2    114.367      8.820      2.218         9614 
    N21N-H-P20HB3    114.367      8.820      1.900        39371 
    N21N-H-P20HD2    114.367      8.820      3.746        57994 
    N21N-H-P20HD3    114.367      8.820      3.999        17180 
    N21N-H-P20HG2    114.367      8.820      1.953        90799 
    N21N-H-P20HG3    114.367      8.820      2.086        18160 
         N21N-H-H    114.367      8.820      8.820      2692597 
        N21N-H-HA    114.367      8.820      4.940        75827 
       N21N-H-HB2    114.367      8.820      2.823       136667 
       N21N-H-HB3    114.367      8.820      2.823       136667 
      N21N-H-HD21    114.367      8.820      7.376        10169 
      N21N-H-HD22    114.367      8.820      6.919        23842 
      N21N-H-L22H    114.367      8.820      6.460       137076 
    N21N-H-L22HB2    114.367      8.820      1.585         8037 
     N21N-H-N52HA    114.367      8.820      3.914        12342 
    N21N-H-N52HB2    114.367      8.820      2.326         8553 
   N21N-H-N52HD21    114.367      8.820      6.790        15902 
   N21N-H-N52HD22    114.367      8.820      7.872         4455 
N21ND2-HD21-P20HG2    114.824      7.376      1.953         2351 
    N21ND2-HD21-H    114.824      7.376      8.820          516 
   N21ND2-HD21-HA    114.824      7.376      4.940          366 
  N21ND2-HD21-HB2    114.824      7.376      2.823         5383 
  N21ND2-HD21-HB3    114.824      7.376      2.823         5383 
 N21ND2-HD21-HD21    114.824      7.376      7.376       106836 
 N21ND2-HD21-HD22    114.824      7.376      6.919        75521 
N21ND2-HD21-N52HA    114.824      7.376      3.914            6 
N21ND2-HD21-N52HB3    114.824      7.376      3.017          583 
N21ND2-HD21-N52HD21    114.824      7.376      6.790         2051 
N21ND2-HD21-N52HD22    114.824      7.376      7.872          165 
N21ND2-HD21-D53HA    114.824      7.376      4.377          725 
 N21ND2-HD21-Q55H    114.824      7.376      7.473        27745 
N21ND2-HD21-Q55HB2    114.824      7.376      2.401          130 
 N21ND2-HD21-A56H    114.824      7.376      7.037         5320 
N21ND2-HD21-A56HA    114.824      7.376      4.269         5825 
N21ND2-HD21-A56HB    114.824      7.376      1.366         6781 
N21ND2-HD22-P20HG2    114.824      6.919      1.953         4817 
    N21ND2-HD22-H    114.824      6.919      8.820         5041 
   N21ND2-HD22-HA    114.824      6.919      4.940         4002 
  N21ND2-HD22-HB2    114.824      6.919      2.823        60167 
  N21ND2-HD22-HB3    114.824      6.919      2.823        60167 
 N21ND2-HD22-HD21    114.824      6.919      7.376       143812 
 N21ND2-HD22-HD22    114.824      6.919      6.919       571338 
N21ND2-HD22-N52HD21    114.824      6.919      6.790        17090 
N21ND2-HD22-N52HD22    114.824      6.919      7.872         3764 
 N21ND2-HD22-A56H    114.824      6.919      7.037         9162 
N21ND2-HD22-A56HA    114.824      6.919      4.269        16882 
N21ND2-HD22-A56HB    114.824      6.919      1.366        23262 
N21ND2-HD22-P57HD2    114.824      6.919      3.545         2276 
N21ND2-HD22-P57HD3    114.824      6.919      3.708         5018 
    L22N-H-L19HB2    116.963      6.460      1.275         9500 
    L22N-H-L19HB3    116.963      6.460      1.695       147785 
     L22N-H-P20HA    116.963      6.460      4.342         6042 
    L22N-H-P20HD2    116.963      6.460      3.746         6680 
    L22N-H-P20HG2    116.963      6.460      1.953         4380 
      L22N-H-N21H    116.963      6.460      8.820        78975 
     L22N-H-N21HA    116.963      6.460      4.940        37907 
    L22N-H-N21HB2    116.963      6.460      2.823        15093 
    L22N-H-N21HB3    116.963      6.460      2.823        15093 
         L22N-H-H    116.963      6.460      6.460      2252150 
        L22N-H-HA    116.963      6.460      4.503        57446 
       L22N-H-HB2    116.963      6.460      1.585        73130 
       L22N-H-HB3    116.963      6.460      1.642       196431 
       L22N-H-HD1    116.963      6.460      0.989        21947 
       L22N-H-HD2    116.963      6.460      0.910        24973 
        L22N-H-HG    116.963      6.460      1.658       219171 
      L22N-H-T23H    116.963      6.460      8.745         9160 
     L22N-H-N52HA    116.963      6.460      3.914         4342 
    L22N-H-N52HB2    116.963      6.460      2.326         5067 
      T23N-H-L22H    112.697      8.745      6.460         9835 
     T23N-H-L22HA    112.697      8.745      4.503       224643 
    T23N-H-L22HB2    112.697      8.745      1.585       116552 
    T23N-H-L22HB3    112.697      8.745      1.642        99761 
    T23N-H-L22HD1    112.697      8.745      0.989        13753 
    T23N-H-L22HD2    112.697      8.745      0.910        45848 
     T23N-H-L22HG    112.697      8.745      1.658        73493 
         T23N-H-H    112.697      8.745      8.745      2844256 
        T23N-H-HA    112.697      8.745      4.409        50814 
        T23N-H-HB    112.697      8.745      4.649        31021 
       T23N-H-HG2    112.697      8.745      1.193       229034 
      T23N-H-E24H    112.697      8.745      8.954        54902 
      T23N-H-Q26H    112.697      8.745      7.661        31726 
    T23N-H-Q26HB2    112.697      8.745      2.439       186809 
    T23N-H-Q26HB3    112.697      8.745      1.534        72633 
   T23N-H-Q26HE22    112.697      8.745      8.166         9484 
    T23N-H-Q26HG2    112.697      8.745      2.282        15894 
    T23N-H-Q26HG3    112.697      8.745      2.375        41926 
      T23N-H-R27H    112.697      8.745      8.669       280973 
   T23N-H-Q55HE21    112.697      8.745      7.222        23466 
   T23N-H-Q55HE22    112.697      8.745      9.010        38450 
      E24N-H-T23H    121.950      8.954      8.745         5159 
     E24N-H-T23HA    121.950      8.954      4.409        89455 
     E24N-H-T23HB    121.950      8.954      4.649        77295 
    E24N-H-T23HG2    121.950      8.954      1.193        12888 
         E24N-H-H    121.950      8.954      8.954       554749 
        E24N-H-HA    121.950      8.954      3.882        40546 
       E24N-H-HB2    121.950      8.954      1.934        89492 
       E24N-H-HB3    121.950      8.954      1.934        89492 
       E24N-H-HG2    121.950      8.954      2.269        19225 
       E24N-H-HG3    121.950      8.954      2.269        19225 
      E24N-H-E25H    121.950      8.954      8.521        33458 
    E24N-H-E25HB2    121.950      8.954      1.794         2600 
      E24N-H-Q26H    121.950      8.954      7.661         1568 
     E25N-H-T23HA    117.872      8.521      4.409        18651 
     E25N-H-T23HB    117.872      8.521      4.649        78187 
    E25N-H-T23HG2    117.872      8.521      1.193        15129 
      E25N-H-E24H    117.872      8.521      8.954        49136 
     E25N-H-E24HA    117.872      8.521      3.882        33521 
    E25N-H-E24HB2    117.872      8.521      1.934       272207 
    E25N-H-E24HB3    117.872      8.521      1.934       272207 
         E25N-H-H    117.872      8.521      8.521      2935094 
        E25N-H-HA    117.872      8.521      3.930       119202 
       E25N-H-HB2    117.872      8.521      1.794        87827 
       E25N-H-HB3    117.872      8.521      1.934       272207 
       E25N-H-HG2    117.872      8.521      2.177        43211 
       E25N-H-HG3    117.872      8.521      2.177        43211 
      E25N-H-Q26H    117.872      8.521      7.661        93785 
    E25N-H-Q26HB2    117.872      8.521      2.439         7879 
      E25N-H-R27H    117.872      8.521      8.669         9741 
     Q26N-H-L22HG    119.373      7.661      1.658        15663 
      Q26N-H-T23H    119.373      7.661      8.745        29492 
     Q26N-H-T23HA    119.373      7.661      4.409         7741 
     Q26N-H-T23HB    119.373      7.661      4.649        16929 
    Q26N-H-T23HG2    119.373      7.661      1.193        23073 
      Q26N-H-E24H    119.373      7.661      8.954        10858 
     Q26N-H-E24HA    119.373      7.661      3.882        13959 
      Q26N-H-E25H    119.373      7.661      8.521       119720 
     Q26N-H-E25HA    119.373      7.661      3.930        45960 
    Q26N-H-E25HB2    119.373      7.661      1.794        73861 
    Q26N-H-E25HB3    119.373      7.661      1.934        69592 
         Q26N-H-H    119.373      7.661      7.661      3440019 
        Q26N-H-HA    119.373      7.661      3.698        94034 
       Q26N-H-HB2    119.373      7.661      2.439       228726 
       Q26N-H-HB3    119.373      7.661      1.534        63028 
       Q26N-H-HG2    119.373      7.661      2.282        47457 
       Q26N-H-HG3    119.373      7.661      2.375       179757 
      Q26N-H-R27H    119.373      7.661      8.669       169085 
    Q26N-H-R27HB2    119.373      7.661      1.678         9052 
      Q26N-H-N28H    119.373      7.661      8.563        55931 
Q26NE2-HE21-T23HG2    111.601      7.531      1.193          850 
   Q26NE2-HE21-HA    111.601      7.531      3.698          905 
  Q26NE2-HE21-HB2    111.601      7.531      2.439         4618 
  Q26NE2-HE21-HB3    111.601      7.531      1.534         2615 
 Q26NE2-HE21-HE21    111.601      7.531      7.531       256306 
 Q26NE2-HE21-HE22    111.601      7.531      8.166       135338 
  Q26NE2-HE21-HG2    111.601      7.531      2.282        22338 
  Q26NE2-HE21-HG3    111.601      7.531      2.375         9844 
Q26NE2-HE21-L51HB3    111.601      7.531      1.699        -1374 
Q26NE2-HE21-L51HD1    111.601      7.531      0.922         7831 
Q26NE2-HE21-L51HD2    111.601      7.531      0.952        11875 
Q26NE2-HE21-Q55HE21    111.601      7.531      7.222         1433 
Q26NE2-HE21-Q55HE22    111.601      7.531      9.010         3081 
Q26NE2-HE22-L22HD1    111.601      8.166      0.989        14721 
 Q26NE2-HE22-T23H    111.601      8.166      8.745         3784 
Q26NE2-HE22-T23HG2    111.601      8.166      1.193         8135 
  Q26NE2-HE22-HB2    111.601      8.166      2.439         8133 
  Q26NE2-HE22-HB3    111.601      8.166      1.534         8888 
 Q26NE2-HE22-HE21    111.601      8.166      7.531       332384 
 Q26NE2-HE22-HE22    111.601      8.166      8.166       773906 
  Q26NE2-HE22-HG2    111.601      8.166      2.282        22738 
  Q26NE2-HE22-HG3    111.601      8.166      2.375        12789 
Q26NE2-HE22-L51HB3    111.601      8.166      1.699         1848 
Q26NE2-HE22-L51HD1    111.601      8.166      0.922        27782 
Q26NE2-HE22-L51HD2    111.601      8.166      0.952        35472 
Q26NE2-HE22-Q55HE21    111.601      8.166      7.222         6179 
Q26NE2-HE22-Q55HE22    111.601      8.166      9.010        30868 
Q26NE2-HE22-Q55HG2    111.601      8.166      2.560         2777 
Q26NE2-HE22-Q55HG3    111.601      8.166      2.224         7532 
    R27N-H-L22HB3    119.810      8.669      1.642        48399 
    R27N-H-L22HD1    119.810      8.669      0.989        13850 
    R27N-H-L22HD2    119.810      8.669      0.910         5649 
     R27N-H-L22HG    119.810      8.669      1.658        86893 
      R27N-H-T23H    119.810      8.669      8.745        13101 
     R27N-H-E24HA    119.810      8.669      3.882        26764 
      R27N-H-E25H    119.810      8.669      8.521        41782 
     R27N-H-E25HA    119.810      8.669      3.930        16936 
      R27N-H-Q26H    119.810      8.669      7.661       102154 
     R27N-H-Q26HA    119.810      8.669      3.698        67575 
    R27N-H-Q26HB2    119.810      8.669      2.439        82299 
    R27N-H-Q26HB3    119.810      8.669      1.534        30759 
    R27N-H-Q26HG3    119.810      8.669      2.375        17140 
         R27N-H-H    119.810      8.669      8.669      1929874 
        R27N-H-HA    119.810      8.669      3.697        67575 
       R27N-H-HB2    119.810      8.669      1.678       119074 
       R27N-H-HB3    119.810      8.669      1.828       126414 
       R27N-H-HG2    119.810      8.669      1.399        10527 
       R27N-H-HG3    119.810      8.669      1.666       105780 
      R27N-H-N28H    119.810      8.669      8.563        84460 
      R27N-H-G29H    119.810      8.669      7.813         3972 
    R27N-H-F30HD1    119.810      8.669      7.162         6248 
    R27N-H-F30HE1    119.810      8.669      7.184         5870 
     N28N-H-E25HA    115.746      8.563      3.930        44364 
      N28N-H-Q26H    115.746      8.563      7.661        19808 
     N28N-H-Q26HA    115.746      8.563      3.698        33199 
      N28N-H-R27H    115.746      8.563      8.669       110074 
     N28N-H-R27HA    115.746      8.563      3.697        33199 
    N28N-H-R27HB2    115.746      8.563      1.678       117175 
    N28N-H-R27HB3    115.746      8.563      1.828        48989 
    N28N-H-R27HG2    115.746      8.563      1.399        13236 
         N28N-H-H    115.746      8.563      8.563      2728066 
        N28N-H-HA    115.746      8.563      4.307        80897 
       N28N-H-HB2    115.746      8.563      2.686        60866 
       N28N-H-HB3    115.746      8.563      2.762       152424 
      N28N-H-HD21    115.746      8.563      6.940         4154 
      N28N-H-G29H    115.746      8.563      7.813        77770 
      N28N-H-F30H    115.746      8.563      7.688        15538 
      N28N-H-I31H    115.746      8.563      8.318        13217 
     N28N-H-I31HB    115.746      8.563      1.981        10929 
    N28N-H-I31HD1    115.746      8.563      0.601         6677 
N28ND2-HD21-E25HA    112.068      6.940      3.930        10193 
N28ND2-HD21-E25HB3    112.068      6.940      1.934        11799 
    N28ND2-HD21-H    112.068      6.940      8.563         4827 
   N28ND2-HD21-HA    112.068      6.940      4.307         3738 
  N28ND2-HD21-HB2    112.068      6.940      2.686        14266 
  N28ND2-HD21-HB3    112.068      6.940      2.762        28151 
 N28ND2-HD21-HD21    112.068      6.940      6.940      2040809 
 N28ND2-HD21-HD22    112.068      6.940      7.521       752046 
 N28ND2-HD21-G29H    112.068      6.940      7.813        14153 
N28ND2-HD22-E25HA    112.068      7.521      3.930         9240 
  N28ND2-HD22-HB2    112.068      7.521      2.686         9871 
  N28ND2-HD22-HB3    112.068      7.521      2.762        19133 
 N28ND2-HD22-HD21    112.068      7.521      6.940       342800 
 N28ND2-HD22-HD22    112.068      7.521      7.521       446354 
     G29N-H-Q26HA    108.572      7.813      3.698       187102 
      G29N-H-R27H    108.572      7.813      8.669         8226 
     G29N-H-R27HA    108.572      7.813      3.697       187102 
      G29N-H-N28H    108.572      7.813      8.563        74030 
     G29N-H-N28HA    108.572      7.813      4.307        17711 
    G29N-H-N28HB2    108.572      7.813      2.686        29809 
    G29N-H-N28HB3    108.572      7.813      2.762        49153 
   G29N-H-N28HD21    108.572      7.813      6.940          103 
         G29N-H-H    108.572      7.813      7.813      2037212 
       G29N-H-HA2    108.572      7.813      3.675       163635 
       G29N-H-HA3    108.572      7.813      3.755        96748 
      G29N-H-F30H    108.572      7.813      7.688        69744 
    G29N-H-F30HD1    108.572      7.813      7.162         1550 
      G29N-H-I31H    108.572      7.813      8.318        10760 
      G29N-H-Q32H    108.572      7.813      8.203        10584 
    F30N-H-I16HD1    121.010      7.688      0.479         -499 
    F30N-H-I16HG2    121.010      7.688      0.770          890 
     F30N-H-R27HA    121.010      7.688      3.697        14847 
      F30N-H-N28H    121.010      7.688      8.563          485 
     F30N-H-N28HA    121.010      7.688      4.307         2044 
      F30N-H-G29H    121.010      7.688      7.813        13648 
    F30N-H-G29HA2    121.010      7.688      3.675        14389 
    F30N-H-G29HA3    121.010      7.688      3.755         5592 
         F30N-H-H    121.010      7.688      7.688       355224 
        F30N-H-HA    121.010      7.688      4.519        12058 
       F30N-H-HB2    121.010      7.688      2.933        25772 
       F30N-H-HB3    121.010      7.688      2.933        25772 
       F30N-H-HD1    121.010      7.688      7.162         4449 
       F30N-H-HD2    121.010      7.688      7.162         4449 
       F30N-H-HE1    121.010      7.688      7.184         3034 
      F30N-H-I31H    121.010      7.688      8.318        12554 
     F30N-H-I31HB    121.010      7.688      1.981         1109 
   F30N-H-I31HG13    121.010      7.688      1.605         2151 
      F30N-H-Q32H    121.010      7.688      8.203         -577 
    F30N-H-I44HG2    121.010      7.688      0.850          706 
    I31N-H-I16HD1    119.010      8.318      0.479         9932 
    I31N-H-I16HG2    119.010      8.318      0.770        28503 
     I31N-H-R27HA    119.010      8.318      3.697        20746 
      I31N-H-N28H    119.010      8.318      8.563         9131 
     I31N-H-N28HA    119.010      8.318      4.307        37401 
      I31N-H-G29H    119.010      8.318      7.813          580 
      I31N-H-F30H    119.010      8.318      7.688        97183 
     I31N-H-F30HA    119.010      8.318      4.519        18637 
    I31N-H-F30HB2    119.010      8.318      2.933       117950 
    I31N-H-F30HB3    119.010      8.318      2.933       117950 
    I31N-H-F30HD1    119.010      8.318      7.162        12269 
         I31N-H-H    119.010      8.318      8.318      2150911 
        I31N-H-HA    119.010      8.318      3.620        96686 
        I31N-H-HB    119.010      8.318      1.981       259343 
       I31N-H-HD1    119.010      8.318      0.601        30049 
      I31N-H-HG12    119.010      8.318      1.199        75492 
      I31N-H-HG13    119.010      8.318      1.605       118752 
       I31N-H-HG2    119.010      8.318      0.850        50156 
      I31N-H-Q32H    119.010      8.318      8.203       107423 
      I31N-H-S33H    119.010      8.318      7.945        10161 
      I31N-H-L34H    119.010      8.318      7.884        19382 
    I31N-H-L34HB2    119.010      8.318      1.566        27716 
    I31N-H-I44HG2    119.010      8.318      0.850        50156 
     Q32N-H-N28HA    119.223      8.203      4.307         4027 
      Q32N-H-G29H    119.223      8.203      7.813         2116 
    Q32N-H-G29HA2    119.223      8.203      3.675        20907 
      Q32N-H-F30H    119.223      8.203      7.688        -6242 
     Q32N-H-F30HA    119.223      8.203      4.519        -1627 
      Q32N-H-I31H    119.223      8.203      8.318        56815 
     Q32N-H-I31HA    119.223      8.203      3.620         7348 
     Q32N-H-I31HB    119.223      8.203      1.981        23167 
    Q32N-H-I31HD1    119.223      8.203      0.601        14820 
   Q32N-H-I31HG12    119.223      8.203      1.199         2424 
   Q32N-H-I31HG13    119.223      8.203      1.605         4452 
    Q32N-H-I31HG2    119.223      8.203      0.850        29895 
         Q32N-H-H    119.223      8.203      8.203      1944417 
        Q32N-H-HA    119.223      8.203      3.807        25013 
       Q32N-H-HB2    119.223      8.203      2.135        73903 
       Q32N-H-HB3    119.223      8.203      2.135        73903 
       Q32N-H-HG2    119.223      8.203      2.334         8018 
       Q32N-H-HG3    119.223      8.203      2.334         8018 
      Q32N-H-S33H    119.223      8.203      7.945        25236 
      Q32N-H-L34H    119.223      8.203      7.884        25253 
   Q32NE2-HE21-HA    116.570      7.848      3.807         2349 
  Q32NE2-HE21-HB2    116.570      7.848      2.135          838 
  Q32NE2-HE21-HB3    116.570      7.848      2.135          838 
 Q32NE2-HE21-HE21    116.570      7.848      7.848       154998 
 Q32NE2-HE21-HE22    116.570      7.848      6.848        28157 
  Q32NE2-HE21-HG2    116.570      7.848      2.334         6226 
  Q32NE2-HE21-HG3    116.570      7.848      2.334         6226 
 Q32NE2-HE21-S33H    116.570      7.848      7.945        20077 
Q32NE2-HE21-S33HA    116.570      7.848      4.210          431 
 Q32NE2-HE21-K35H    116.570      7.848      7.915        48712 
Q32NE2-HE21-K35HB2    116.570      7.848      1.835         5206 
Q32NE2-HE21-K35HB3    116.570      7.848      1.900         5556 
Q32NE2-HE21-K35HG3    116.570      7.848      1.713         4295 
 Q32NE2-HE21-D36H    116.570      7.848      8.067         6321 
Q32NE2-HE21-D36HB2    116.570      7.848      2.611         1157 
   Q32NE2-HE22-HA    116.570      6.848      3.807          122 
 Q32NE2-HE22-HE21    116.570      6.848      7.848        16279 
 Q32NE2-HE22-HE22    116.570      6.848      6.848        75774 
  Q32NE2-HE22-HG2    116.570      6.848      2.334          492 
  Q32NE2-HE22-HG3    116.570      6.848      2.334          492 
Q32NE2-HE22-K35HB2    116.570      6.848      1.835          -91 
 Q32NE2-HE22-D36H    116.570      6.848      8.067         -373 
Q32NE2-HE22-D36HB2    116.570      6.848      2.611           -4 
    S33N-H-G29HA2    115.254      7.945      3.675         8804 
     S33N-H-F30HA    115.254      7.945      4.519        39907 
      S33N-H-I31H    115.254      7.945      8.318        16606 
     S33N-H-I31HA    115.254      7.945      3.620         9049 
      S33N-H-Q32H    115.254      7.945      8.203       103340 
     S33N-H-Q32HA    115.254      7.945      3.807        41472 
    S33N-H-Q32HB2    115.254      7.945      2.135       117926 
    S33N-H-Q32HB3    115.254      7.945      2.135       117926 
   S33N-H-Q32HE21    115.254      7.945      7.848       115522 
    S33N-H-Q32HG2    115.254      7.945      2.334        24065 
         S33N-H-H    115.254      7.945      7.945      3229077 
        S33N-H-HA    115.254      7.945      4.210       111150 
       S33N-H-HB2    115.254      7.945      4.094       166396 
       S33N-H-HB3    115.254      7.945      3.864        77254 
      S33N-H-L34H    115.254      7.945      7.884       942767 
      S33N-H-K35H    115.254      7.945      7.915      3049374 
    S33N-H-I44HD1    115.254      7.945      0.731         8879 
    S33N-H-I44HG2    115.254      7.945      0.850        12467 
     L34N-H-F30HA    122.412      7.884      4.519         9280 
      L34N-H-I31H    122.412      7.884      8.318         8850 
     L34N-H-I31HA    122.412      7.884      3.620        25122 
    L34N-H-I31HG2    122.412      7.884      0.850        24110 
      L34N-H-Q32H    122.412      7.884      8.203        17339 
     L34N-H-Q32HA    122.412      7.884      3.807        70345 
      L34N-H-S33H    122.412      7.884      7.945       198557 
     L34N-H-S33HA    122.412      7.884      4.210        25040 
    L34N-H-S33HB2    122.412      7.884      4.094        70948 
    L34N-H-S33HB3    122.412      7.884      3.864        73067 
         L34N-H-H    122.412      7.884      7.884      2619140 
        L34N-H-HA    122.412      7.884      3.824       102502 
       L34N-H-HB2    122.412      7.884      1.566        97001 
       L34N-H-HB3    122.412      7.884      1.772       146505 
       L34N-H-HD1    122.412      7.884      0.683        38837 
       L34N-H-HD2    122.412      7.884      0.652        22723 
        L34N-H-HG    122.412      7.884      1.685        58925 
      L34N-H-K35H    122.412      7.884      7.915      1351141 
    L34N-H-K35HG3    122.412      7.884      1.713        85073 
      L34N-H-D36H    122.412      7.884      8.067        31035 
      L34N-H-D37H    122.412      7.884      7.462         1207 
    L34N-H-I44HD1    122.412      7.884      0.731        39167 
   L34N-H-I44HG13    122.412      7.884      1.550        89784 
    L34N-H-I44HG2    122.412      7.884      0.850        24110 
     K35N-H-I31HA    116.622      7.915      3.620          -17 
    K35N-H-I31HG2    116.622      7.915      0.850         4024 
     K35N-H-Q32HA    116.622      7.915      3.807         7295 
   K35N-H-Q32HE21    116.622      7.915      7.848       338167 
      K35N-H-S33H    116.622      7.915      7.945       115548 
     K35N-H-S33HA    116.622      7.915      4.210         4708 
      K35N-H-L34H    116.622      7.915      7.884       771585 
     K35N-H-L34HA    116.622      7.915      3.824        11555 
    K35N-H-L34HB2    116.622      7.915      1.566        16383 
    K35N-H-L34HB3    116.622      7.915      1.772        16816 
    K35N-H-L34HD1    116.622      7.915      0.683         6460 
    K35N-H-L34HD2    116.622      7.915      0.652         1261 
         K35N-H-H    116.622      7.915      7.915       564644 
        K35N-H-HA    116.622      7.915      3.914        20971 
       K35N-H-HB2    116.622      7.915      1.835        25676 
       K35N-H-HB3    116.622      7.915      1.900        45009 
       K35N-H-HD2    116.622      7.915      1.556        14037 
       K35N-H-HD3    116.622      7.915      1.556        14037 
       K35N-H-HG2    116.622      7.915      1.311         7671 
       K35N-H-HG3    116.622      7.915      1.713        37104 
      K35N-H-D36H    116.622      7.915      8.067        32867 
      K35N-H-D37H    116.622      7.915      7.462        -3545 
     D36N-H-Q32HA    118.304      8.067      3.807         8046 
   D36N-H-Q32HE21    118.304      8.067      7.848        41135 
   D36N-H-Q32HE22    118.304      8.067      6.848         2688 
     D36N-H-S33HA    118.304      8.067      4.210        20006 
      D36N-H-L34H    118.304      8.067      7.884        65829 
     D36N-H-L34HA    118.304      8.067      3.824        10691 
      D36N-H-K35H    118.304      8.067      7.915        60655 
     D36N-H-K35HA    118.304      8.067      3.914        16548 
    D36N-H-K35HB2    118.304      8.067      1.835        23353 
    D36N-H-K35HB3    118.304      8.067      1.900        46359 
    D36N-H-K35HG3    118.304      8.067      1.713         4343 
         D36N-H-H    118.304      8.067      8.067      1448492 
        D36N-H-HA    118.304      8.067      4.350        48186 
       D36N-H-HB2    118.304      8.067      2.611        48272 
       D36N-H-HB3    118.304      8.067      2.659       107385 
      D36N-H-D37H    118.304      8.067      7.462        61765 
    D36N-H-P38HD3    118.304      8.067      3.779         5871 
     D37N-H-S33HA    114.688      7.462      4.210         7948 
      D37N-H-L34H    114.688      7.462      7.884         9561 
     D37N-H-L34HA    114.688      7.462      3.824        31725 
    D37N-H-L34HD1    114.688      7.462      0.683         3564 
      D37N-H-K35H    114.688      7.462      7.915        11341 
      D37N-H-D36H    114.688      7.462      8.067        58778 
     D37N-H-D36HA    114.688      7.462      4.350        18574 
    D37N-H-D36HB2    114.688      7.462      2.611        41028 
    D37N-H-D36HB3    114.688      7.462      2.659        48780 
         D37N-H-H    114.688      7.462      7.462      2161190 
        D37N-H-HA    114.688      7.462      4.829        47103 
       D37N-H-HB2    114.688      7.462      2.457        22949 
       D37N-H-HB3    114.688      7.462      2.928        37149 
     D37N-H-P38HA    114.688      7.462      4.393        18266 
    D37N-H-P38HD2    114.688      7.462      3.568        27942 
    D37N-H-P38HD3    114.688      7.462      3.779        15631 
    D37N-H-V40HG2    114.688      7.462      0.915         7415 
     S39N-H-D37HA    113.243      8.117      4.829         3507 
    S39N-H-D37HB3    113.243      8.117      2.928          318 
     S39N-H-P38HA    113.243      8.117      4.393         2187 
    S39N-H-P38HB2    113.243      8.117      2.213          222 
    S39N-H-P38HB3    113.243      8.117      1.878         2354 
    S39N-H-P38HD2    113.243      8.117      3.568         1292 
    S39N-H-P38HD3    113.243      8.117      3.779         5049 
    S39N-H-P38HG2    113.243      8.117      2.003          407 
    S39N-H-P38HG3    113.243      8.117      2.119          745 
         S39N-H-H    113.243      8.117      8.117       194930 
        S39N-H-HA    113.243      8.117      4.146         4691 
       S39N-H-HB2    113.243      8.117      3.923         5766 
       S39N-H-HB3    113.243      8.117      3.850         8546 
      S39N-H-V40H    113.243      8.117      7.192        12118 
    S39N-H-V40HG1    113.243      8.117      0.817         1325 
    S39N-H-V40HG2    113.243      8.117      0.915         1669 
      S39N-H-S41H    113.243      8.117      7.476         2329 
     V40N-H-D37HA    115.144      7.192      4.829        10624 
    V40N-H-D37HB2    115.144      7.192      2.457         1910 
    V40N-H-D37HB3    115.144      7.192      2.928         4680 
     V40N-H-P38HA    115.144      7.192      4.393         6225 
      V40N-H-S39H    115.144      7.192      8.117        65919 
     V40N-H-S39HA    115.144      7.192      4.146        13435 
    V40N-H-S39HB2    115.144      7.192      3.923         8031 
    V40N-H-S39HB3    115.144      7.192      3.850        11058 
         V40N-H-H    115.144      7.192      7.192      1819493 
        V40N-H-HA    115.144      7.192      4.777        38803 
        V40N-H-HB    115.144      7.192      2.563        17251 
       V40N-H-HG1    115.144      7.192      0.817        44097 
       V40N-H-HG2    115.144      7.192      0.915       119957 
      V40N-H-S41H    115.144      7.192      7.476        77829 
     V40N-H-S41HA    115.144      7.192      3.709         5048 
    S41N-H-L34HD1    116.577      7.476      0.683        11676 
     S41N-H-P38HA    116.577      7.476      4.393         7322 
      S41N-H-S39H    116.577      7.476      8.117         1849 
     S41N-H-S39HA    116.577      7.476      4.146        10104 
      S41N-H-V40H    116.577      7.476      7.192        62927 
     S41N-H-V40HA    116.577      7.476      4.777        32423 
     S41N-H-V40HB    116.577      7.476      2.563         5192 
    S41N-H-V40HG1    116.577      7.476      0.817         8333 
    S41N-H-V40HG2    116.577      7.476      0.915        11752 
         S41N-H-H    116.577      7.476      7.476      1795443 
        S41N-H-HA    116.577      7.476      3.709        50458 
       S41N-H-HB2    116.577      7.476      3.615        27005 
       S41N-H-HB3    116.577      7.476      3.812        60215 
      S41N-H-K42H    116.577      7.476      8.419        19773 
    S41N-H-K42HD2    116.577      7.476      1.620          -81 
    S41N-H-K42HD3    116.577      7.476      1.620          -81 
      S41N-H-E43H    116.577      7.476      8.220         6249 
      S41N-H-I44H    116.577      7.476      8.226         6023 
     K42N-H-V40HA    120.470      8.419      4.777        28444 
      K42N-H-S41H    120.470      8.419      7.476        31111 
     K42N-H-S41HA    120.470      8.419      3.709        16571 
    K42N-H-S41HB2    120.470      8.419      3.615        22639 
    K42N-H-S41HB3    120.470      8.419      3.812        27078 
         K42N-H-H    120.470      8.419      8.419      1207472 
        K42N-H-HA    120.470      8.419      3.860        60530 
       K42N-H-HB2    120.470      8.419      1.660        50101 
       K42N-H-HB3    120.470      8.419      1.756        92932 
       K42N-H-HD2    120.470      8.419      1.620        24372 
       K42N-H-HD3    120.470      8.419      1.620        24372 
       K42N-H-HE2    120.470      8.419      2.925         1548 
       K42N-H-HE3    120.470      8.419      2.925         1548 
       K42N-H-HG2    120.470      8.419      1.431        37782 
       K42N-H-HG3    120.470      8.419      1.297        14902 
      K42N-H-E43H    120.470      8.419      8.220        80133 
    K42N-H-E43HG2    120.470      8.419      2.181         4861 
      K42N-H-I44H    120.470      8.419      8.226        67474 
      K42N-H-L45H    120.470      8.419      8.224        67474 
     E43N-H-V40HA    121.592      8.220      4.777         7125 
     E43N-H-V40HB    121.592      8.220      2.563         8083 
    E43N-H-V40HG1    121.592      8.220      0.817        -3212 
    E43N-H-V40HG2    121.592      8.220      0.915        -4333 
      E43N-H-S41H    121.592      8.220      7.476         5633 
     E43N-H-S41HA    121.592      8.220      3.709        17531 
      E43N-H-K42H    121.592      8.220      8.419        11731 
     E43N-H-K42HA    121.592      8.220      3.860         3127 
    E43N-H-K42HB2    121.592      8.220      1.660        17348 
    E43N-H-K42HB3    121.592      8.220      1.756        17559 
    E43N-H-K42HD3    121.592      8.220      1.620        11438 
    E43N-H-K42HG3    121.592      8.220      1.297         -166 
         E43N-H-H    121.592      8.220      8.220       740833 
        E43N-H-HA    121.592      8.220      4.001        14469 
       E43N-H-HB2    121.592      8.220      1.977         8319 
       E43N-H-HB3    121.592      8.220      2.197        42510 
       E43N-H-HG2    121.592      8.220      2.181        35077 
       E43N-H-HG3    121.592      8.220      2.369         4578 
      E43N-H-I44H    121.592      8.220      8.226       615552 
     E43N-H-I44HB    121.592      8.220      1.693        28409 
   E43N-H-I44HG12    121.592      8.220      1.263         9267 
      E43N-H-L45H    121.592      8.220      8.224       615552 
      E43N-H-A46H    121.592      8.220      7.596          769 
     E43N-H-A46HB    121.592      8.220      1.408         4172 
     I44N-H-V40HB    122.060      8.226      2.563        17191 
    I44N-H-V40HG2    122.060      8.226      0.915        34451 
      I44N-H-S41H    122.060      8.226      7.476         3462 
     I44N-H-S41HA    122.060      8.226      3.709       115404 
      I44N-H-K42H    122.060      8.226      8.419        23181 
     I44N-H-K42HA    122.060      8.226      3.860        29246 
      I44N-H-E43H    122.060      8.226      8.220      3589410 
     I44N-H-E43HA    122.060      8.226      4.001        38113 
    I44N-H-E43HB2    122.060      8.226      1.977        42260 
    I44N-H-E43HB3    122.060      8.226      2.197        98321 
    I44N-H-E43HG2    122.060      8.226      2.181        92669 
         I44N-H-H    122.060      8.226      8.226      3290472 
        I44N-H-HA    122.060      8.226      3.724       147074 
        I44N-H-HB    122.060      8.226      1.693       239410 
       I44N-H-HD1    122.060      8.226      0.731        33698 
      I44N-H-HG12    122.060      8.226      1.263        72921 
      I44N-H-HG13    122.060      8.226      1.550       160586 
       I44N-H-HG2    122.060      8.226      0.850        47664 
      I44N-H-L45H    122.060      8.226      8.224      3290472 
    I44N-H-L45HB2    122.060      8.226      1.403        20301 
      I44N-H-A46H    122.060      8.226      7.596        17250 
     I44N-H-A46HB    122.060      8.226      1.408        22658 
     L45N-H-A12HB    119.271      8.224      1.370        95038 
    L45N-H-I16HD1    119.271      8.224      0.479        34331 
     L45N-H-S41HA    119.271      8.224      3.709       118611 
      L45N-H-K42H    119.271      8.224      8.419        40320 
     L45N-H-K42HA    119.271      8.224      3.860       129318 
      L45N-H-E43H    119.271      8.224      8.220      7651361 
     L45N-H-E43HA    119.271      8.224      4.001        21035 
      L45N-H-I44H    119.271      8.224      8.226      6637484 
     L45N-H-I44HA    119.271      8.224      3.724       125433 
     L45N-H-I44HB    119.271      8.224      1.693       257984 
    L45N-H-I44HD1    119.271      8.224      0.731        34356 
   L45N-H-I44HG12    119.271      8.224      1.263         6363 
    L45N-H-I44HG2    119.271      8.224      0.850       110420 
         L45N-H-H    119.271      8.224      8.224      6637484 
        L45N-H-HA    119.271      8.224      3.702       109929 
       L45N-H-HB2    119.271      8.224      1.403       157841 
       L45N-H-HB3    119.271      8.224      1.740       455815 
       L45N-H-HD1    119.271      8.224      0.810       104916 
       L45N-H-HD2    119.271      8.224      0.799       101401 
        L45N-H-HG    119.271      8.224      1.471        77895 
      L45N-H-A46H    119.271      8.224      7.596        80726 
     L45N-H-A46HB    119.271      8.224      1.408       172756 
      L45N-H-E47H    119.271      8.224      7.773        13129 
     A46N-H-K42HA    119.283      7.596      3.860        23096 
      A46N-H-E43H    119.283      7.596      8.220       157622 
     A46N-H-E43HA    119.283      7.596      4.001        74850 
      A46N-H-I44H    119.283      7.596      8.226       131822 
     A46N-H-I44HA    119.283      7.596      3.724        43450 
      A46N-H-L45H    119.283      7.596      8.224       131822 
     A46N-H-L45HA    119.283      7.596      3.702        36374 
    A46N-H-L45HB2    119.283      7.596      1.403       371117 
    A46N-H-L45HB3    119.283      7.596      1.740       129383 
    A46N-H-L45HD1    119.283      7.596      0.810        27496 
    A46N-H-L45HD2    119.283      7.596      0.799        24036 
         A46N-H-H    119.283      7.596      7.596      4008602 
        A46N-H-HA    119.283      7.596      3.931       131700 
        A46N-H-HB    119.283      7.596      1.408       429241 
      A46N-H-E47H    119.283      7.596      7.773       146135 
    A46N-H-E47HB2    119.283      7.596      2.085        12236 
      A46N-H-A48H    119.283      7.596      8.231       131822 
      A46N-H-K49H    119.283      7.596      8.394         5948 
    A46N-H-K49HB2    119.283      7.596      1.666        18186 
     E47N-H-E43HA    120.020      7.773      4.001        35325 
     E47N-H-I44HA    120.020      7.773      3.724        58778 
      E47N-H-L45H    120.020      7.773      8.224       210131 
     E47N-H-L45HA    120.020      7.773      3.702        39158 
      E47N-H-A46H    120.020      7.773      7.596       132915 
     E47N-H-A46HA    120.020      7.773      3.931       173054 
     E47N-H-A46HB    120.020      7.773      1.408       172420 
         E47N-H-H    120.020      7.773      7.773      4084951 
        E47N-H-HA    120.020      7.773      3.920       162554 
       E47N-H-HB2    120.020      7.773      2.085       318719 
       E47N-H-HB3    120.020      7.773      2.085       318719 
       E47N-H-HG2    120.020      7.773      2.370       105707 
       E47N-H-HG3    120.020      7.773      2.370       105707 
      E47N-H-A48H    120.020      7.773      8.231       210131 
     E47N-H-A48HB    120.020      7.773      0.451        24714 
      E47N-H-K49H    120.020      7.773      8.394        17830 
      E47N-H-K50H    120.020      7.773      7.658        57160 
    A48N-H-I16HD1    123.363      8.231      0.479       329648 
   A48N-H-I16HG12    123.363      8.231      0.616        11026 
    A48N-H-L19HD1    123.363      8.231      0.621        11026 
    A48N-H-F30HB3    123.363      8.231      2.933         3544 
    A48N-H-F30HD2    123.363      8.231      7.162        19789 
    A48N-H-F30HE2    123.363      8.231      7.184        16278 
     A48N-H-I44HA    123.363      8.231      3.724        66817 
    A48N-H-I44HG2    123.363      8.231      0.850        21606 
     A48N-H-L45HA    123.363      8.231      3.702        56051 
      A48N-H-A46H    123.363      8.231      7.596        13952 
     A48N-H-A46HA    123.363      8.231      3.931        34698 
     A48N-H-A46HB    123.363      8.231      1.408        14237 
      A48N-H-E47H    123.363      8.231      7.773       155121 
     A48N-H-E47HA    123.363      8.231      3.920        34109 
    A48N-H-E47HB2    123.363      8.231      2.085       143347 
    A48N-H-E47HB3    123.363      8.231      2.085       143347 
    A48N-H-E47HG3    123.363      8.231      2.370        16257 
         A48N-H-H    123.363      8.231      8.231      3786026 
        A48N-H-HA    123.363      8.231      3.387       112639 
        A48N-H-HB    123.363      8.231      0.451       355092 
      A48N-H-K49H    123.363      8.231      8.394       128120 
    A48N-H-K49HB2    123.363      8.231      1.666        14244 
    A48N-H-K49HG3    123.363      8.231      1.532         6091 
      A48N-H-K50H    123.363      8.231      7.658        13693 
      A48N-H-L51H    123.363      8.231      7.935         4046 
    A48N-H-L51HD1    123.363      8.231      0.922        13576 
    K49N-H-L19HD1    117.846      8.394      0.621        27978 
     K49N-H-L45HA    117.846      8.394      3.702       114751 
      K49N-H-A46H    117.846      8.394      7.596        24369 
     K49N-H-A46HA    117.846      8.394      3.931        43218 
     K49N-H-A46HB    117.846      8.394      1.408        20579 
      K49N-H-E47H    117.846      8.394      7.773        15048 
     K49N-H-E47HA    117.846      8.394      3.920        39227 
      K49N-H-A48H    117.846      8.394      8.231       111477 
     K49N-H-A48HA    117.846      8.394      3.387        26973 
     K49N-H-A48HB    117.846      8.394      0.451       144773 
         K49N-H-H    117.846      8.394      8.394      3039432 
        K49N-H-HA    117.846      8.394      3.682       106927 
       K49N-H-HB2    117.846      8.394      1.666       209987 
       K49N-H-HB3    117.846      8.394      1.851        82293 
       K49N-H-HD2    117.846      8.394      1.596        61189 
       K49N-H-HD3    117.846      8.394      1.507        93626 
       K49N-H-HG2    117.846      8.394      1.246        33135 
       K49N-H-HG3    117.846      8.394      1.532       145556 
      K49N-H-K50H    117.846      8.394      7.658       132724 
      K49N-H-L51H    117.846      8.394      7.935        14285 
      K49N-H-N52H    117.846      8.394      8.458       106118 
     K50N-H-A46HA    120.222      7.658      3.931        18582 
     K50N-H-A46HB    120.222      7.658      1.408         1757 
      K50N-H-E47H    120.222      7.658      7.773        38796 
     K50N-H-E47HA    120.222      7.658      3.920        16507 
      K50N-H-A48H    120.222      7.658      8.231         1079 
     K50N-H-A48HA    120.222      7.658      3.387         5263 
     K50N-H-A48HB    120.222      7.658      0.451         2932 
      K50N-H-K49H    120.222      7.658      8.394        44318 
     K50N-H-K49HA    120.222      7.658      3.682        11286 
    K50N-H-K49HB2    120.222      7.658      1.666        35525 
    K50N-H-K49HB3    120.222      7.658      1.851       127834 
    K50N-H-K49HG3    120.222      7.658      1.532        19673 
         K50N-H-H    120.222      7.658      7.658      1438732 
        K50N-H-HA    120.222      7.658      3.896         8871 
       K50N-H-HB2    120.222      7.658      1.741         8171 
       K50N-H-HB3    120.222      7.658      1.782        -2450 
       K50N-H-HD3    120.222      7.658      1.622        13486 
       K50N-H-HE2    120.222      7.658      2.923          161 
       K50N-H-HG2    120.222      7.658      1.346         5326 
       K50N-H-HG3    120.222      7.658      1.429         1668 
      K50N-H-L51H    120.222      7.658      7.935        47741 
    K50N-H-L51HB2    120.222      7.658      1.629        13486 
      K50N-H-N52H    120.222      7.658      8.458         5350 
      K50N-H-D53H    120.222      7.658      8.183         2430 
    L51N-H-L22HD1    122.073      7.935      0.989         2918 
     L51N-H-F30HZ    122.073      7.935      6.967         -531 
     L51N-H-E47HA    122.073      7.935      3.920         5475 
      L51N-H-A48H    122.073      7.935      8.231         6598 
     L51N-H-A48HA    122.073      7.935      3.387        10090 
     L51N-H-A48HB    122.073      7.935      0.451         2583 
      L51N-H-K49H    122.073      7.935      8.394        16282 
     L51N-H-K49HA    122.073      7.935      3.682         2556 
      L51N-H-K50H    122.073      7.935      7.658        29795 
     L51N-H-K50HA    122.073      7.935      3.896         3368 
    L51N-H-K50HB2    122.073      7.935      1.741        18510 
    L51N-H-K50HB3    122.073      7.935      1.782        -1178 
    L51N-H-K50HE2    122.073      7.935      2.923        -1016 
    L51N-H-K50HE3    122.073      7.935      2.923        -1016 
    L51N-H-K50HG2    122.073      7.935      1.346         4825 
    L51N-H-K50HG3    122.073      7.935      1.429        -2454 
         L51N-H-H    122.073      7.935      7.935       893786 
        L51N-H-HA    122.073      7.935      4.113        28472 
       L51N-H-HB2    122.073      7.935      1.629        46324 
       L51N-H-HB3    122.073      7.935      1.699        43754 
       L51N-H-HD1    122.073      7.935      0.922         9715 
       L51N-H-HD2    122.073      7.935      0.952         9803 
        L51N-H-HG    122.073      7.935      1.516        15632 
      L51N-H-N52H    122.073      7.935      8.458        24477 
      L51N-H-D53H    122.073      7.935      8.183         8386 
      L51N-H-A54H    122.073      7.935      7.976       375184 
     L51N-H-A54HB    122.073      7.935      1.522        15632 
    N52N-H-L19HD1    116.971      8.458      0.621        23493 
    N52N-H-L19HD2    116.971      8.458      0.789        12457 
    N52N-H-L22HD1    116.971      8.458      0.989        22786 
    N52N-H-L22HD2    116.971      8.458      0.910        88187 
     N52N-H-A48HA    116.971      8.458      3.387        16840 
     N52N-H-A48HB    116.971      8.458      0.451         9635 
      N52N-H-K49H    116.971      8.458      8.394       646021 
     N52N-H-K49HA    116.971      8.458      3.682        45729 
      N52N-H-K50H    116.971      8.458      7.658        13587 
     N52N-H-K50HA    116.971      8.458      3.896        41298 
      N52N-H-L51H    116.971      8.458      7.935       132213 
     N52N-H-L51HA    116.971      8.458      4.113        29154 
    N52N-H-L51HB2    116.971      8.458      1.629        44288 
    N52N-H-L51HB3    116.971      8.458      1.699       118605 
    N52N-H-L51HD1    116.971      8.458      0.922        97599 
    N52N-H-L51HD2    116.971      8.458      0.952        74349 
     N52N-H-L51HG    116.971      8.458      1.516        17770 
         N52N-H-H    116.971      8.458      8.458      2741023 
        N52N-H-HA    116.971      8.458      3.914        63764 
       N52N-H-HB2    116.971      8.458      2.326       170289 
       N52N-H-HB3    116.971      8.458      3.017       189253 
      N52N-H-HD21    116.971      8.458      6.790         5399 
      N52N-H-D53H    116.971      8.458      8.183        75755 
      N52N-H-A54H    116.971      8.458      7.976        83325 
     N52N-H-A54HB    116.971      8.458      1.522        17770 
N52ND2-HD21-L19HB3    116.152      6.790      1.695         2232 
N52ND2-HD21-L19HD1    116.152      6.790      0.621         2201 
N52ND2-HD21-L19HD2    116.152      6.790      0.789        22891 
N52ND2-HD21-P20HD2    116.152      6.790      3.746        35576 
 N52ND2-HD21-N21H    116.152      6.790      8.820         5613 
N52ND2-HD21-N21HB2    116.152      6.790      2.823         5216 
N52ND2-HD21-N21HD21    116.152      6.790      7.376         7465 
N52ND2-HD21-N21HD22    116.152      6.790      6.919        20618 
N52ND2-HD21-K49HA    116.152      6.790      3.682         6345 
    N52ND2-HD21-H    116.152      6.790      8.458         2068 
   N52ND2-HD21-HA    116.152      6.790      3.914         1987 
  N52ND2-HD21-HB2    116.152      6.790      2.326         8099 
  N52ND2-HD21-HB3    116.152      6.790      3.017        26264 
 N52ND2-HD21-HD21    116.152      6.790      6.790       818860 
 N52ND2-HD21-HD22    116.152      6.790      7.872       425629 
 N52ND2-HD21-D53H    116.152      6.790      8.183         7693 
N52ND2-HD21-D53HA    116.152      6.790      4.377         3881 
N52ND2-HD21-A56HB    116.152      6.790      1.366         2507 
N52ND2-HD22-L19HA    116.152      7.872      4.446         2405 
N52ND2-HD22-L19HB3    116.152      7.872      1.695         1418 
N52ND2-HD22-L19HD2    116.152      7.872      0.789        25700 
N52ND2-HD22-P20HD2    116.152      7.872      3.746        14459 
N52ND2-HD22-P20HD3    116.152      7.872      3.999         1180 
N52ND2-HD22-P20HG2    116.152      7.872      1.953         5433 
N52ND2-HD22-P20HG3    116.152      7.872      2.086          902 
 N52ND2-HD22-N21H    116.152      7.872      8.820         4288 
N52ND2-HD22-N21HB2    116.152      7.872      2.823         2774 
N52ND2-HD22-N21HD21    116.152      7.872      7.376         3904 
N52ND2-HD22-N21HD22    116.152      7.872      6.919         9470 
   N52ND2-HD22-HA    116.152      7.872      3.914         4417 
  N52ND2-HD22-HB2    116.152      7.872      2.326        17552 
  N52ND2-HD22-HB3    116.152      7.872      3.017        61625 
 N52ND2-HD22-HD21    116.152      7.872      6.790       330234 
 N52ND2-HD22-HD22    116.152      7.872      7.872       778740 
N52ND2-HD22-D53HA    116.152      7.872      4.377        12080 
N52ND2-HD22-A56HB    116.152      7.872      1.366         5424 
     D53N-H-K49HA    118.772      8.183      3.682        12653 
      D53N-H-K50H    118.772      8.183      7.658         4498 
     D53N-H-K50HA    118.772      8.183      3.896        10105 
      D53N-H-L51H    118.772      8.183      7.935        44719 
     D53N-H-L51HA    118.772      8.183      4.113         8479 
      D53N-H-N52H    118.772      8.183      8.458        53811 
     D53N-H-N52HA    118.772      8.183      3.914        11638 
    D53N-H-N52HB2    118.772      8.183      2.326        23219 
    D53N-H-N52HB3    118.772      8.183      3.017        80868 
   D53N-H-N52HD21    118.772      8.183      6.790         3692 
         D53N-H-H    118.772      8.183      8.183      1376818 
        D53N-H-HA    118.772      8.183      4.377        32149 
       D53N-H-HB2    118.772      8.183      2.623        28597 
       D53N-H-HB3    118.772      8.183      2.689       104721 
      D53N-H-A54H    118.772      8.183      7.976        79133 
     D53N-H-A54HB    118.772      8.183      1.522         9635 
      D53N-H-Q55H    118.772      8.183      7.473         7285 
     D53N-H-A56HB    118.772      8.183      1.366         3126 
     A54N-H-K50HA    123.023      7.976      3.896         1728 
      A54N-H-L51H    123.023      7.976      7.935       600994 
     A54N-H-L51HA    123.023      7.976      4.113        23943 
      A54N-H-N52H    123.023      7.976      8.458         7326 
     A54N-H-N52HA    123.023      7.976      3.914         2376 
      A54N-H-D53H    123.023      7.976      8.183        45730 
     A54N-H-D53HA    123.023      7.976      4.377         8924 
    A54N-H-D53HB2    123.023      7.976      2.623        11773 
    A54N-H-D53HB3    123.023      7.976      2.689        30667 
         A54N-H-H    123.023      7.976      7.976      1347019 
        A54N-H-HA    123.023      7.976      4.165        55746 
        A54N-H-HB    123.023      7.976      1.522       134561 
      A54N-H-Q55H    123.023      7.976      7.473        45632 
    A54N-H-Q55HB2    123.023      7.976      2.401         2868 
    A54N-H-Q55HG3    123.023      7.976      2.224         3202 
      A54N-H-A56H    123.023      7.976      7.037         5994 
     A54N-H-A56HB    123.023      7.976      1.366         2136 
    Q55N-H-N21HB2    115.053      7.473      2.823         4759 
    Q55N-H-N21HB3    115.053      7.473      2.823         4759 
   Q55N-H-N21HD21    115.053      7.473      7.376        -3486 
     Q55N-H-L51HA    115.053      7.473      4.113         7020 
     Q55N-H-N52HA    115.053      7.473      3.914         4666 
      Q55N-H-D53H    115.053      7.473      8.183         1801 
     Q55N-H-D53HA    115.053      7.473      4.377         6080 
      Q55N-H-A54H    115.053      7.473      7.976        38041 
     Q55N-H-A54HA    115.053      7.473      4.165         5968 
     Q55N-H-A54HB    115.053      7.473      1.522        24689 
         Q55N-H-H    115.053      7.473      7.473       721726 
        Q55N-H-HA    115.053      7.473      4.304        17672 
       Q55N-H-HB2    115.053      7.473      2.401        12697 
       Q55N-H-HB3    115.053      7.473      1.750        37538 
      Q55N-H-HE21    115.053      7.473      7.222        -4120 
       Q55N-H-HG2    115.053      7.473      2.560        21273 
       Q55N-H-HG3    115.053      7.473      2.224         7113 
      Q55N-H-A56H    115.053      7.473      7.037        33053 
     Q55N-H-A56HB    115.053      7.473      1.366         3535 
Q55NE2-HE21-N21HB2    111.505      7.222      2.823         3832 
Q55NE2-HE21-N21HB3    111.505      7.222      2.823         3832 
Q55NE2-HE21-L22HA    111.505      7.222      4.503        16240 
Q55NE2-HE21-L22HD1    111.505      7.222      0.989         2791 
 Q55NE2-HE21-T23H    111.505      7.222      8.745         5306 
Q55NE2-HE21-T23HG2    111.505      7.222      1.193         3182 
Q55NE2-HE21-Q26HE21    111.505      7.222      7.531         2328 
Q55NE2-HE21-Q26HE22    111.505      7.222      8.166         8434 
Q55NE2-HE21-L51HB3    111.505      7.222      1.699         8570 
Q55NE2-HE21-L51HD2    111.505      7.222      0.952         9657 
Q55NE2-HE21-N52HA    111.505      7.222      3.914         2865 
    Q55NE2-HE21-H    111.505      7.222      7.473         5661 
  Q55NE2-HE21-HB2    111.505      7.222      2.401        23949 
  Q55NE2-HE21-HB3    111.505      7.222      1.750        31526 
 Q55NE2-HE21-HE21    111.505      7.222      7.222       347151 
 Q55NE2-HE21-HE22    111.505      7.222      9.010       120042 
  Q55NE2-HE21-HG2    111.505      7.222      2.560         4876 
  Q55NE2-HE21-HG3    111.505      7.222      2.224         6003 
Q55NE2-HE22-L22HA    111.505      9.010      4.503        36174 
Q55NE2-HE22-L22HD1    111.505      9.010      0.989         7293 
 Q55NE2-HE22-T23H    111.505      9.010      8.745        18865 
Q55NE2-HE22-T23HG2    111.505      9.010      1.193        13334 
Q55NE2-HE22-Q26HB2    111.505      9.010      2.439        10225 
Q55NE2-HE22-Q26HB3    111.505      9.010      1.534         8928 
Q55NE2-HE22-Q26HE21    111.505      9.010      7.531         8344 
Q55NE2-HE22-Q26HE22    111.505      9.010      8.166        32878 
Q55NE2-HE22-Q26HG2    111.505      9.010      2.282         3807 
Q55NE2-HE22-Q26HG3    111.505      9.010      2.375        12095 
Q55NE2-HE22-L51HD2    111.505      9.010      0.952        23472 
  Q55NE2-HE22-HB2    111.505      9.010      2.401        17172 
  Q55NE2-HE22-HB3    111.505      9.010      1.750        17617 
 Q55NE2-HE22-HE21    111.505      9.010      7.222       280475 
 Q55NE2-HE22-HE22    111.505      9.010      9.010       539073 
  Q55NE2-HE22-HG2    111.505      9.010      2.560         4504 
  Q55NE2-HE22-HG3    111.505      9.010      2.224         4377 
    A56N-H-N21HB2    124.523      7.037      2.823         5898 
    A56N-H-N21HB3    124.523      7.037      2.823         5898 
   A56N-H-N21HD21    124.523      7.037      7.376         4634 
   A56N-H-N21HD22    124.523      7.037      6.919         8779 
     A56N-H-N52HA    124.523      7.037      3.914         -351 
     A56N-H-D53HA    124.523      7.037      4.377        11193 
      A56N-H-A54H    124.523      7.037      7.976         3850 
     A56N-H-A54HA    124.523      7.037      4.165         7048 
     A56N-H-A54HB    124.523      7.037      1.522         3030 
      A56N-H-Q55H    124.523      7.037      7.473        58392 
     A56N-H-Q55HA    124.523      7.037      4.304        45818 
    A56N-H-Q55HB2    124.523      7.037      2.401         8028 
    A56N-H-Q55HB3    124.523      7.037      1.750         6580 
    A56N-H-Q55HG3    124.523      7.037      2.224         1657 
         A56N-H-H    124.523      7.037      7.037      1697847 
        A56N-H-HA    124.523      7.037      4.269        39163 
        A56N-H-HB    124.523      7.037      1.366       144898 
     K58N-H-P57HA    127.458      7.995      4.338         -579 
    K58N-H-P57HB2    127.458      7.995      1.881          457 
    K58N-H-P57HB3    127.458      7.995      2.226         -650 
         K58N-H-H    127.458      7.995      7.995        14125 
        K58N-H-HA    127.458      7.995      4.101         -273 
       K58N-H-HB2    127.458      7.995      1.622          338 
       K58N-H-HB3    127.458      7.995      1.779         -733 
       K58N-H-HG2    127.458      7.995      1.358          -89 
       K58N-H-HG3    127.458      7.995      1.358          -89 
