      Assignment         w1         w2         w3   Data Height 

       S1CA-HA-HA     57.441      4.098      4.098       848254 
      K2CB-HB2-HA     33.510      1.825      4.355         5809 
     K2CB-HB2-HB2     33.510      1.825      1.825       192856 
     K2CB-HB2-HB3     33.510      1.825      1.759       195451 
     K2CB-HB2-HD2     33.510      1.825      1.684        16135 
     K2CB-HB2-HG2     33.510      1.825      1.454         9901 
     K2CB-HB2-HG3     33.510      1.825      1.454         9901 
     K2CB-HB2-L3H     33.510      1.825      8.696         2417 
      K2CB-HB3-HA     33.510      1.759      4.355         6034 
     K2CB-HB3-HB2     33.510      1.759      1.825       215112 
     K2CB-HB3-HB3     33.510      1.759      1.759       191118 
     K2CB-HB3-HD2     33.510      1.759      1.684        11277 
     K2CB-HB3-HE2     33.510      1.759      2.996          367 
     K2CB-HB3-HE3     33.510      1.759      2.996          367 
     K2CB-HB3-HG2     33.510      1.759      1.454        11818 
     K2CB-HB3-HG3     33.510      1.759      1.454        11818 
     K2CB-HB3-L3H     33.510      1.759      8.696         2273 
     K2CD-HD2-HB2     29.416      1.684      1.825         8646 
     K2CD-HD2-HB3     29.416      1.684      1.759        56292 
     K2CD-HD2-HD2     29.416      1.684      1.684     -1387371 
     K2CD-HD2-HE2     29.416      1.684      2.996       -19120 
     K2CD-HD2-HE3     29.416      1.684      2.996       -19120 
     K2CD-HD2-HG2     29.416      1.684      1.454       -98189 
     K2CD-HD2-HG3     29.416      1.684      1.454       -98189 
     K2CE-HE2-HB3     42.187      2.996      1.759         -244 
     K2CE-HE2-HD2     42.187      2.996      1.684        25728 
     K2CE-HE2-HE2     42.187      2.996      2.996      2854674 
     K2CE-HE2-HE3     42.187      2.996      2.996      2854674 
     K2CE-HE2-HG2     42.187      2.996      1.454         8401 
     K2CE-HE2-HG3     42.187      2.996      1.454         8401 
     K2CE-HE3-HB3     42.187      2.996      1.759         -244 
     K2CE-HE3-HD2     42.187      2.996      1.684        25728 
     K2CE-HE3-HE2     42.187      2.996      2.996      2854674 
     K2CE-HE3-HE3     42.187      2.996      2.996      2854674 
     K2CE-HE3-HG2     42.187      2.996      1.454         8401 
     K2CE-HE3-HG3     42.187      2.996      1.454         8401 
      K2CG-HG2-HA     24.657      1.454      4.355        -2123 
     K2CG-HG2-HB2     24.657      1.454      1.825        -4998 
     K2CG-HG2-HB3     24.657      1.454      1.759        -5227 
     K2CG-HG2-HD2     24.657      1.454      1.684       -49185 
     K2CG-HG2-HE2     24.657      1.454      2.996        -2171 
     K2CG-HG2-HE3     24.657      1.454      2.996        -2171 
     K2CG-HG2-HG2     24.657      1.454      1.454      -439213 
     K2CG-HG2-HG3     24.657      1.454      1.454      -439213 
      K2CG-HG3-HA     24.657      1.454      4.355        -2123 
     K2CG-HG3-HB2     24.657      1.454      1.825        -4998 
     K2CG-HG3-HB3     24.657      1.454      1.759        -5227 
     K2CG-HG3-HD2     24.657      1.454      1.684       -49185 
     K2CG-HG3-HE2     24.657      1.454      2.996        -2171 
     K2CG-HG3-HE3     24.657      1.454      2.996        -2171 
     K2CG-HG3-HG2     24.657      1.454      1.454      -439213 
     K2CG-HG3-HG3     24.657      1.454      1.454      -439213 
     L3CA-HA-K2HA     53.207      4.466      4.355        -1086 
        L3CA-HA-H     53.207      4.466      8.696         5417 
       L3CA-HA-HA     53.207      4.466      4.466       210026 
      L3CA-HA-HB2     53.207      4.466      1.791         6986 
      L3CA-HA-HB3     53.207      4.466      1.386         9442 
      L3CA-HA-HD1     53.207      4.466      0.740        22594 
      L3CA-HA-HD2     53.207      4.466      1.043         2755 
       L3CA-HA-HG     53.207      4.466      1.866         5246 
     L3CA-HA-P4HA     53.207      4.466      4.818          187 
    L3CA-HA-P4HB3     53.207      4.466      2.583          214 
    L3CA-HA-P4HD2     53.207      4.466      2.979         9282 
    L3CA-HA-P4HD3     53.207      4.466      3.653        27527 
    L3CA-HA-P4HG2     53.207      4.466      1.744         3282 
    L3CA-HA-P4HG3     53.207      4.466      1.617          807 
       L3CB-HB2-H     41.996      1.791      8.696         9473 
      L3CB-HB2-HA     41.996      1.791      4.466         4160 
     L3CB-HB2-HB2     41.996      1.791      1.791       136913 
     L3CB-HB2-HB3     41.996      1.791      1.386        55500 
     L3CB-HB2-HD1     41.996      1.791      0.740         3851 
     L3CB-HB2-HD2     41.996      1.791      1.043        10949 
      L3CB-HB2-HG     41.996      1.791      1.866         2861 
   L3CB-HB2-P4HD2     41.996      1.791      2.979         1956 
   L3CB-HB2-P4HD3     41.996      1.791      3.653         1066 
   L3CB-HB2-W7HB2     41.996      1.791      3.212         2350 
   L3CB-HB2-W7HB3     41.996      1.791      2.922         -836 
       L3CB-HB3-H     41.996      1.386      8.696         3812 
      L3CB-HB3-HA     41.996      1.386      4.466         4880 
     L3CB-HB3-HB2     41.996      1.386      1.791        59523 
     L3CB-HB3-HB3     41.996      1.386      1.386       114667 
     L3CB-HB3-HD1     41.996      1.386      0.740         6744 
     L3CB-HB3-HD2     41.996      1.386      1.043         8558 
      L3CB-HB3-HG     41.996      1.386      1.866         4318 
   L3CB-HB3-P4HD2     41.996      1.386      2.979         5473 
   L3CB-HB3-P4HD3     41.996      1.386      3.653         2049 
      L3CD1-HD1-H     26.598      0.740      8.696         -138 
     L3CD1-HD1-HA     26.598      0.740      4.466          -43 
    L3CD1-HD1-HB2     26.598      0.740      1.791           46 
    L3CD1-HD1-HB3     26.598      0.740      1.386         -148 
    L3CD1-HD1-HD1     26.598      0.740      0.740        18507 
    L3CD1-HD1-HD2     26.598      0.740      1.043         1370 
     L3CD1-HD1-HG     26.598      0.740      1.866        -2215 
  L3CD1-HD1-P4HD2     26.598      0.740      2.979         -106 
  L3CD1-HD1-P4HD3     26.598      0.740      3.653          192 
  L3CD1-HD1-W7HB3     26.598      0.740      2.922          171 
      L3CD2-HD2-H     24.031      1.043      8.696           84 
     L3CD2-HD2-HA     24.031      1.043      4.466          122 
    L3CD2-HD2-HB2     24.031      1.043      1.791          115 
    L3CD2-HD2-HB3     24.031      1.043      1.386          179 
    L3CD2-HD2-HD1     24.031      1.043      0.740         1535 
    L3CD2-HD2-HD2     24.031      1.043      1.043        -3318 
     L3CD2-HD2-HG     24.031      1.043      1.866          622 
  L3CD2-HD2-P4HD2     24.031      1.043      2.979           46 
  L3CD2-HD2-W7HB2     24.031      1.043      3.212          -86 
   L3CD2-HD2-E8HA     24.031      1.043      4.813          230 
    L3CD2-HD2-K9H     24.031      1.043      9.023           -3 
  L3CD2-HD2-K9HB2     24.031      1.043      1.619          -55 
  L3CD2-HD2-K9HB3     24.031      1.043      1.771          -70 
        L3CG-HG-H     27.428      1.866      8.696        -7618 
       L3CG-HG-HA     27.428      1.866      4.466        -2577 
      L3CG-HG-HB2     27.428      1.866      1.791       -16751 
      L3CG-HG-HB3     27.428      1.866      1.386        -3953 
      L3CG-HG-HD1     27.428      1.866      0.740       -11490 
      L3CG-HG-HD2     27.428      1.866      1.043       -10816 
       L3CG-HG-HG     27.428      1.866      1.866      -183096 
    L3CG-HG-P4HD2     27.428      1.866      2.979         -406 
      P4CB-HB2-HA     29.919      1.969      4.818        -1724 
     P4CB-HB2-HB2     29.919      1.969      1.969      -114537 
     P4CB-HB2-HB3     29.919      1.969      2.583       -44374 
     P4CB-HB2-HD2     29.919      1.969      2.979        -2641 
     P4CB-HB2-HD3     29.919      1.969      3.653        -3372 
     P4CB-HB2-HG2     29.919      1.969      1.744       -12882 
     P4CB-HB2-HG3     29.919      1.969      1.617        -7085 
    P4CB-HB2-P5HA     29.919      1.969      4.329          -94 
   P4CB-HB2-P5HD2     29.919      1.969      3.613        -4604 
   P4CB-HB2-P5HD3     29.919      1.969      3.903        -1710 
   P4CB-HB2-P5HG2     29.919      1.969      2.033       -19893 
   P4CB-HB2-P5HG3     29.919      1.969      2.126          -64 
     P4CB-HB2-W7H     29.919      1.969      7.334         -448 
   P4CB-HB2-W7HB2     29.919      1.969      3.212         -355 
   P4CB-HB2-W7HD1     29.919      1.969      6.928        -5728 
    P4CB-HB3-L3HA     29.919      2.583      4.466         -211 
      P4CB-HB3-HA     29.919      2.583      4.818        -3199 
     P4CB-HB3-HB2     29.919      2.583      1.969       -51078 
     P4CB-HB3-HB3     29.919      2.583      2.583      -141040 
     P4CB-HB3-HD2     29.919      2.583      2.979        -1402 
     P4CB-HB3-HD3     29.919      2.583      3.653        -3841 
     P4CB-HB3-HG2     29.919      2.583      1.744       -10480 
     P4CB-HB3-HG3     29.919      2.583      1.617        -5456 
   P4CB-HB3-P5HD2     29.919      2.583      3.613        -5775 
   P4CB-HB3-P5HD3     29.919      2.583      3.903        -2778 
     P4CD-HD2-L3H     50.542      2.979      8.696          312 
    P4CD-HD2-L3HA     50.542      2.979      4.466         9939 
   P4CD-HD2-L3HB2     50.542      2.979      1.791         3467 
   P4CD-HD2-L3HB3     50.542      2.979      1.386         8274 
   P4CD-HD2-L3HD1     50.542      2.979      0.740         7198 
   P4CD-HD2-L3HD2     50.542      2.979      1.043         1690 
    P4CD-HD2-L3HG     50.542      2.979      1.866          651 
      P4CD-HD2-HA     50.542      2.979      4.818          151 
     P4CD-HD2-HB2     50.542      2.979      1.969         3007 
     P4CD-HD2-HB3     50.542      2.979      2.583         1148 
     P4CD-HD2-HD2     50.542      2.979      2.979       152774 
     P4CD-HD2-HD3     50.542      2.979      3.653        59076 
     P4CD-HD2-HG2     50.542      2.979      1.744         5969 
     P4CD-HD2-HG3     50.542      2.979      1.617         8936 
   P4CD-HD2-W7HB2     50.542      2.979      3.212         2601 
   P4CD-HD2-W7HB3     50.542      2.979      2.922         3639 
   P4CD-HD2-W7HD1     50.542      2.979      6.928         2001 
  P4CD-HD2-P33HD2     50.542      2.979      2.155          488 
  P4CD-HD2-P33HG2     50.542      2.979      0.450         4989 
    P4CD-HD3-L3HA     50.542      3.653      4.466        26365 
   P4CD-HD3-L3HB2     50.542      3.653      1.791         3919 
   P4CD-HD3-L3HB3     50.542      3.653      1.386         5046 
   P4CD-HD3-L3HD1     50.542      3.653      0.740         8590 
      P4CD-HD3-HA     50.542      3.653      4.818          252 
     P4CD-HD3-HB2     50.542      3.653      1.969         2370 
     P4CD-HD3-HB3     50.542      3.653      2.583         1832 
     P4CD-HD3-HD2     50.542      3.653      2.979        69389 
     P4CD-HD3-HD3     50.542      3.653      3.653       187479 
     P4CD-HD3-HG2     50.542      3.653      1.744        10673 
     P4CD-HD3-HG3     50.542      3.653      1.617         8001 
  P4CD-HD3-P33HG2     50.542      3.653      0.450         3412 
    P4CG-HG2-L3HA     27.543      1.744      4.466         -771 
      P4CG-HG2-HA     27.543      1.744      4.818         -451 
     P4CG-HG2-HB2     27.543      1.744      1.969       -11967 
     P4CG-HG2-HB3     27.543      1.744      2.583        -6075 
     P4CG-HG2-HD2     27.543      1.744      2.979        -4739 
     P4CG-HG2-HD3     27.543      1.744      3.653        -6880 
     P4CG-HG2-HG2     27.543      1.744      1.744      -137785 
     P4CG-HG2-HG3     27.543      1.744      1.617       -68228 
   P4CG-HG2-P5HD2     27.543      1.744      3.613        -4182 
     P4CG-HG2-W7H     27.543      1.744      7.334         -125 
   P4CG-HG2-W7HB2     27.543      1.744      3.212         -542 
   P4CG-HG2-W7HB3     27.543      1.744      2.922         -222 
   P4CG-HG2-W7HD1     27.543      1.744      6.928         -958 
   P4CG-HG2-W7HE1     27.543      1.744     10.655         -846 
  P4CG-HG2-P33HG2     27.543      1.744      0.450         -730 
    P4CG-HG3-L3HA     27.543      1.617      4.466         -863 
      P4CG-HG3-HA     27.543      1.617      4.818         -333 
     P4CG-HG3-HB2     27.543      1.617      1.969       -12643 
     P4CG-HG3-HB3     27.543      1.617      2.583        -6552 
     P4CG-HG3-HD2     27.543      1.617      2.979        -7582 
     P4CG-HG3-HD3     27.543      1.617      3.653        -7708 
     P4CG-HG3-HG2     27.543      1.617      1.744       -85289 
     P4CG-HG3-HG3     27.543      1.617      1.617      -161965 
   P4CG-HG3-P5HD2     27.543      1.617      3.613        -4493 
   P4CG-HG3-W7HB2     27.543      1.617      3.212          112 
   P4CG-HG3-W7HD1     27.543      1.617      6.928        -1655 
  P4CG-HG3-P33HB2     27.543      1.617      0.778        -3573 
  P4CG-HG3-P33HG2     27.543      1.617      0.450        -1496 
   P4CG-HG3-S34HA     27.543      1.617      4.254         -731 
     P5CA-HA-P4HA     64.420      4.329      4.818         -405 
    P5CA-HA-P4HB2     64.420      4.329      1.969         -407 
       P5CA-HA-HA     64.420      4.329      4.329      -256926 
      P5CA-HA-HB2     64.420      4.329      2.324       -19805 
      P5CA-HA-HB3     64.420      4.329      1.843        -8204 
      P5CA-HA-HD2     64.420      4.329      3.613         -824 
      P5CA-HA-HD3     64.420      4.329      3.903        -1333 
      P5CA-HA-HG2     64.420      4.329      2.033        -5995 
      P5CA-HA-HG3     64.420      4.329      2.126        -1846 
      P5CA-HA-G6H     64.420      4.329      8.795       -31091 
    P5CA-HA-G6HA2     64.420      4.329      3.210        -1391 
    P5CA-HA-G6HA3     64.420      4.329      4.008         -385 
      P5CA-HA-W7H     64.420      4.329      7.334        -1671 
      P5CB-HB2-HA     32.170      2.324      4.329       -13643 
     P5CB-HB2-HB2     32.170      2.324      2.324      -237974 
     P5CB-HB2-HB3     32.170      2.324      1.843       -72905 
     P5CB-HB2-HD2     32.170      2.324      3.613        -1766 
     P5CB-HB2-HD3     32.170      2.324      3.903        -1707 
     P5CB-HB2-HG2     32.170      2.324      2.033       -16738 
     P5CB-HB2-HG3     32.170      2.324      2.126       -15195 
     P5CB-HB2-G6H     32.170      2.324      8.795        -2547 
   P5CB-HB2-G6HA2     32.170      2.324      3.210         -349 
   P5CB-HB2-G6HA3     32.170      2.324      4.008         -269 
    P5CB-HB3-P4HA     32.170      1.843      4.818         -156 
      P5CB-HB3-HA     32.170      1.843      4.329        -5302 
     P5CB-HB3-HB2     32.170      1.843      2.324       -56427 
     P5CB-HB3-HB3     32.170      1.843      1.843      -186381 
     P5CB-HB3-HD2     32.170      1.843      3.613        -2608 
     P5CB-HB3-HD3     32.170      1.843      3.903        -1568 
     P5CB-HB3-HG2     32.170      1.843      2.033       -25430 
     P5CB-HB3-HG3     32.170      1.843      2.126       -13329 
     P5CB-HB3-G6H     32.170      1.843      8.795        -1208 
    P5CD-HD2-P4HA     50.683      3.613      4.818         3327 
   P5CD-HD2-P4HB2     50.683      3.613      1.969         5238 
   P5CD-HD2-P4HB3     50.683      3.613      2.583         6851 
   P5CD-HD2-P4HG2     50.683      3.613      1.744          694 
   P5CD-HD2-P4HG3     50.683      3.613      1.617          425 
      P5CD-HD2-HA     50.683      3.613      4.329          967 
     P5CD-HD2-HB2     50.683      3.613      2.324         1950 
     P5CD-HD2-HB3     50.683      3.613      1.843         5277 
     P5CD-HD2-HD2     50.683      3.613      3.613       196887 
     P5CD-HD2-HD3     50.683      3.613      3.903        68455 
     P5CD-HD2-HG2     50.683      3.613      2.033         8109 
     P5CD-HD2-HG3     50.683      3.613      2.126        12234 
    P5CD-HD3-P4HA     50.683      3.903      4.818         7554 
   P5CD-HD3-P4HB2     50.683      3.903      1.969         3299 
   P5CD-HD3-P4HB3     50.683      3.903      2.583         4691 
      P5CD-HD3-HA     50.683      3.903      4.329         1449 
     P5CD-HD3-HB2     50.683      3.903      2.324         2088 
     P5CD-HD3-HB3     50.683      3.903      1.843         3518 
     P5CD-HD3-HD2     50.683      3.903      3.613        79445 
     P5CD-HD3-HD3     50.683      3.903      3.903       173320 
     P5CD-HD3-HG2     50.683      3.903      2.033        11483 
     P5CD-HD3-HG3     50.683      3.903      2.126         9646 
    P5CG-HG2-P4HA     27.899      2.033      4.818         -323 
   P5CG-HG2-P4HB2     27.899      2.033      1.969        -9909 
      P5CG-HG2-HA     27.899      2.033      4.329        -2625 
     P5CG-HG2-HB2     27.899      2.033      2.324       -13058 
     P5CG-HG2-HB3     27.899      2.033      1.843       -23179 
     P5CG-HG2-HD2     27.899      2.033      3.613        -5468 
     P5CG-HG2-HD3     27.899      2.033      3.903        -6084 
     P5CG-HG2-HG2     27.899      2.033      2.033      -128527 
     P5CG-HG2-HG3     27.899      2.033      2.126      -105020 
    P5CG-HG3-P4HA     27.899      2.126      4.818         -207 
   P5CG-HG3-P4HB2     27.899      2.126      1.969        -5216 
      P5CG-HG3-HA     27.899      2.126      4.329        -2902 
     P5CG-HG3-HB2     27.899      2.126      2.324       -16580 
     P5CG-HG3-HB3     27.899      2.126      1.843       -24552 
     P5CG-HG3-HD2     27.899      2.126      3.613        -7171 
     P5CG-HG3-HD3     27.899      2.126      3.903        -6895 
     P5CG-HG3-HG2     27.899      2.126      2.033      -117409 
     P5CG-HG3-HG3     27.899      2.126      2.126      -171962 
    G6CA-HA2-P5HA     45.153      3.210      4.329         1052 
   G6CA-HA2-P5HB2     45.153      3.210      2.324          265 
       G6CA-HA2-H     45.153      3.210      8.795         6672 
     G6CA-HA2-HA2     45.153      3.210      3.210        74018 
     G6CA-HA2-HA3     45.153      3.210      4.008        58614 
     G6CA-HA2-W7H     45.153      3.210      7.334         1372 
    G6CA-HA2-W7HA     45.153      3.210      5.176           95 
  G6CA-HA2-I24HD1     45.153      3.210      0.692         2831 
    G6CA-HA3-P5HA     45.153      4.008      4.329          639 
   G6CA-HA3-P5HB2     45.153      4.008      2.324          412 
       G6CA-HA3-H     45.153      4.008      8.795         5165 
     G6CA-HA3-HA2     45.153      4.008      3.210        54858 
     G6CA-HA3-HA3     45.153      4.008      4.008       103775 
     G6CA-HA3-W7H     45.153      4.008      7.334         1793 
    G6CA-HA3-W7HA     45.153      4.008      5.176          351 
   G6CA-HA3-W7HD1     45.153      4.008      6.928            4 
  G6CA-HA3-I24HD1     45.153      4.008      0.692         3720 
 G6CA-HA3-I24HG13     45.153      4.008      1.208         2034 
    W7CA-HA-G6HA2     57.464      5.176      3.210         4458 
    W7CA-HA-G6HA3     57.464      5.176      4.008          304 
        W7CA-HA-H     57.464      5.176      7.334         6284 
       W7CA-HA-HA     57.464      5.176      5.176        51628 
      W7CA-HA-HB2     57.464      5.176      3.212         4458 
      W7CA-HA-HB3     57.464      5.176      2.922         6473 
      W7CA-HA-HD1     57.464      5.176      6.928          279 
      W7CA-HA-HE3     57.464      5.176      7.336         6048 
      W7CA-HA-E8H     57.464      5.176      9.731        17087 
     W7CA-HA-E8HA     57.464      5.176      4.813          463 
    W7CA-HA-N22HA     57.464      5.176      4.349         8996 
     W7CA-HA-H23H     57.464      5.176      8.156         1744 
   W7CB-HB2-L3HB2     32.611      3.212      1.791        -1821 
   W7CB-HB2-L3HD2     32.611      3.212      1.043        -2455 
   W7CB-HB2-P4HB2     32.611      3.212      1.969         -403 
   W7CB-HB2-P4HD2     32.611      3.212      2.979        -3160 
   W7CB-HB2-P4HG2     32.611      3.212      1.744         -587 
   W7CB-HB2-P4HG3     32.611      3.212      1.617            8 
       W7CB-HB2-H     32.611      3.212      7.334        -6762 
      W7CB-HB2-HA     32.611      3.212      5.176         -725 
     W7CB-HB2-HB2     32.611      3.212      3.212       -64836 
     W7CB-HB2-HB3     32.611      3.212      2.922       -38022 
     W7CB-HB2-HD1     32.611      3.212      6.928        -1783 
     W7CB-HB2-HE1     32.611      3.212     10.655         -431 
     W7CB-HB2-HE3     32.611      3.212      7.336        -6718 
     W7CB-HB2-E8H     32.611      3.212      9.731        -1244 
   W7CB-HB3-L3HB2     32.611      2.922      1.791        -1508 
   W7CB-HB3-L3HD1     32.611      2.922      0.740        -2202 
   W7CB-HB3-P4HD2     32.611      2.922      2.979        -5174 
   W7CB-HB3-P4HG2     32.611      2.922      1.744         -399 
       W7CB-HB3-H     32.611      2.922      7.334        -6153 
      W7CB-HB3-HA     32.611      2.922      5.176        -1550 
     W7CB-HB3-HB2     32.611      2.922      3.212       -49580 
     W7CB-HB3-HB3     32.611      2.922      2.922       -74670 
     W7CB-HB3-HD1     32.611      2.922      6.928        -1547 
     W7CB-HB3-HE3     32.611      2.922      7.336        -5882 
     W7CB-HB3-HZ3     32.611      2.922      6.932        -1391 
     W7CB-HB3-E8H     32.611      2.922      9.731        -1896 
    W7CB-HB3-E8HA     32.611      2.922      4.813          239 
  W7CB-HB3-Y20HB3     32.611      2.922      2.882       -38816 
  W7CD1-HD1-P4HB2    127.989      6.928      1.969        -7421 
  W7CD1-HD1-P4HD2    127.989      6.928      2.979        -2371 
  W7CD1-HD1-P4HG2    127.989      6.928      1.744         -979 
  W7CD1-HD1-P4HG3    127.989      6.928      1.617        -1960 
  W7CD1-HD1-G6HA3    127.989      6.928      4.008         -384 
      W7CD1-HD1-H    127.989      6.928      7.334        -2288 
     W7CD1-HD1-HA    127.989      6.928      5.176           57 
    W7CD1-HD1-HB2    127.989      6.928      3.212        -2923 
    W7CD1-HD1-HB3    127.989      6.928      2.922        -1021 
    W7CD1-HD1-HD1    127.989      6.928      6.928       -83843 
    W7CD1-HD1-HE1    127.989      6.928     10.655        -6390 
     W7CE3-HE3-HA    120.368      7.336      5.176         1128 
    W7CE3-HE3-HB2    120.368      7.336      3.212          817 
    W7CE3-HE3-HB3    120.368      7.336      2.922         7077 
    W7CE3-HE3-HE3    120.368      7.336      7.336        80497 
    W7CE3-HE3-HH2    120.368      7.336      6.971         2930 
    W7CE3-HE3-HZ2    120.368      7.336      7.411         3916 
    W7CE3-HE3-HZ3    120.368      7.336      6.932         5638 
    W7CE3-HE3-E8H    120.368      7.336      9.731         1473 
  W7CE3-HE3-Y20HA    120.368      7.336      5.283          373 
 W7CE3-HE3-Y20HB2    120.368      7.336      2.624         1787 
 W7CE3-HE3-Y20HB3    120.368      7.336      2.882         7632 
   W7CE3-HE3-F21H    120.368      7.336      9.357         1823 
  W7CE3-HE3-F21HA    120.368      7.336      5.648          718 
   W7CE3-HE3-N22H    120.368      7.336      8.229          414 
  W7CE3-HE3-N22HA    120.368      7.336      4.349          473 
 W7CE3-HE3-N22HB2    120.368      7.336     -0.763          801 
    W7CH2-HH2-HE1    125.402      6.971     10.655         -650 
    W7CH2-HH2-HE3    125.402      6.971      7.336         -257 
    W7CH2-HH2-HH2    125.402      6.971      6.971       -77138 
    W7CH2-HH2-HZ2    125.402      6.971      7.411        -7259 
    W7CH2-HH2-HZ3    125.402      6.971      6.932       -51358 
 W7CH2-HH2-N22HB3    125.402      6.971      1.953         -168 
  W7CH2-HH2-A27HB    125.402      6.971      1.221        -3119 
 W7CH2-HH2-P33HB3    125.402      6.971      0.724         -339 
    W7CZ2-HZ2-HE1    115.036      7.411     10.655         4992 
    W7CZ2-HZ2-HE3    115.036      7.411      7.336         3355 
    W7CZ2-HZ2-HH2    115.036      7.411      6.971         9961 
    W7CZ2-HZ2-HZ2    115.036      7.411      7.411       182308 
    W7CZ2-HZ2-HZ3    115.036      7.411      6.932         6245 
 W7CZ2-HZ2-N22HB2    115.036      7.411     -0.763         1070 
 W7CZ2-HZ2-P33HB2    115.036      7.411      0.778          567 
 W7CZ2-HZ2-P33HB3    115.036      7.411      0.724         1198 
    W7CZ3-HZ3-HB3    123.048      6.932      2.922         -684 
    W7CZ3-HZ3-HE3    123.048      6.932      7.336        -3519 
    W7CZ3-HZ3-HH2    123.048      6.932      6.971       -33329 
    W7CZ3-HZ3-HZ2    123.048      6.932      7.411        -1147 
    W7CZ3-HZ3-HZ3    123.048      6.932      6.932       -60009 
 W7CZ3-HZ3-Y20HB2    123.048      6.932      2.624         -669 
 W7CZ3-HZ3-Y20HB3    123.048      6.932      2.882         -949 
  W7CZ3-HZ3-F21HA    123.048      6.932      5.648        -1142 
   W7CZ3-HZ3-N22H    123.048      6.932      8.229         -486 
 W7CZ3-HZ3-N22HB2    123.048      6.932     -0.763         -315 
  W7CZ3-HZ3-S28HA    123.048      6.932      6.063        -1573 
   W7CZ3-HZ3-Q29H    123.048      6.932      9.381        -1206 
 W7CZ3-HZ3-P33HG3    123.048      6.932     -0.157         -294 
    E8CA-HA-L3HD2     54.803      4.813      1.043        10147 
     E8CA-HA-W7HA     54.803      4.813      5.176          321 
    E8CA-HA-W7HB3     54.803      4.813      2.922          806 
        E8CA-HA-H     54.803      4.813      9.731         2849 
       E8CA-HA-HA     54.803      4.813      4.813        90690 
      E8CA-HA-HB2     54.803      4.813      2.205        14073 
      E8CA-HA-HB3     54.803      4.813      2.205        14073 
      E8CA-HA-HG2     54.803      4.813      2.510         2453 
      E8CA-HA-HG3     54.803      4.813      2.314         3298 
      E8CA-HA-K9H     54.803      4.813      9.023        26385 
     E8CA-HA-K9HA     54.803      4.813      4.316          583 
    E8CA-HA-K9HB2     54.803      4.813      1.619         1396 
       E8CB-HB2-H     34.609      2.205      9.731         2034 
      E8CB-HB2-HA     34.609      2.205      4.813         1835 
     E8CB-HB2-HB2     34.609      2.205      2.205       207925 
     E8CB-HB2-HB3     34.609      2.205      2.205       207925 
     E8CB-HB2-HG2     34.609      2.205      2.510         7228 
     E8CB-HB2-HG3     34.609      2.205      2.314        13607 
     E8CB-HB2-K9H     34.609      2.205      9.023         2244 
       E8CB-HB3-H     34.609      2.205      9.731         2034 
      E8CB-HB3-HA     34.609      2.205      4.813         1835 
     E8CB-HB3-HB2     34.609      2.205      2.205       207925 
     E8CB-HB3-HB3     34.609      2.205      2.205       207925 
     E8CB-HB3-HG2     34.609      2.205      2.510         7228 
     E8CB-HB3-HG3     34.609      2.205      2.314        13607 
     E8CB-HB3-K9H     34.609      2.205      9.023         2244 
       E8CG-HG2-H     36.499      2.510      9.731         1228 
      E8CG-HG2-HA     36.499      2.510      4.813          672 
     E8CG-HG2-HB2     36.499      2.510      2.205        10584 
     E8CG-HG2-HB3     36.499      2.510      2.205        10584 
     E8CG-HG2-HG2     36.499      2.510      2.510       175543 
     E8CG-HG2-HG3     36.499      2.510      2.314        62007 
       E8CG-HG3-H     36.499      2.314      9.731          904 
      E8CG-HG3-HA     36.499      2.314      4.813          719 
     E8CG-HG3-HB2     36.499      2.314      2.205        73662 
     E8CG-HG3-HB3     36.499      2.314      2.205        73662 
     E8CG-HG3-HG2     36.499      2.314      2.510        77848 
     E8CG-HG3-HG3     36.499      2.314      2.314       194186 
      K9CA-HA-E8H     56.424      4.316      9.731          335 
     K9CA-HA-E8HA     56.424      4.316      4.813          463 
        K9CA-HA-H     56.424      4.316      9.023         4055 
       K9CA-HA-HA     56.424      4.316      4.316       190464 
      K9CA-HA-HB2     56.424      4.316      1.619        11213 
      K9CA-HA-HB3     56.424      4.316      1.771         6115 
      K9CA-HA-HD2     56.424      4.316      1.657         2974 
      K9CA-HA-HD3     56.424      4.316      1.727         1113 
      K9CA-HA-HG2     56.424      4.316      1.039         6847 
      K9CA-HA-HG3     56.424      4.316      0.967         7981 
     K9CA-HA-R10H     56.424      4.316      8.937        24390 
    K9CA-HA-R10HA     56.424      4.316      4.431          237 
   K9CA-HA-R10HG2     56.424      4.316      1.370          606 
    K9CA-HA-Y20HA     56.424      4.316      5.283         3349 
     K9CA-HA-F21H     56.424      4.316      9.357         1071 
   K9CB-HB2-L3HD2     33.954      1.619      1.043         9943 
    K9CB-HB2-E8HA     33.954      1.619      4.813           58 
       K9CB-HB2-H     33.954      1.619      9.023         6198 
      K9CB-HB2-HA     33.954      1.619      4.316         4587 
     K9CB-HB2-HB2     33.954      1.619      1.619       123667 
     K9CB-HB2-HB3     33.954      1.619      1.771        75197 
     K9CB-HB2-HD2     33.954      1.619      1.657        27172 
     K9CB-HB2-HD3     33.954      1.619      1.727        11011 
     K9CB-HB2-HG2     33.954      1.619      1.039         9943 
     K9CB-HB2-HG3     33.954      1.619      0.967         6476 
    K9CB-HB2-R10H     33.954      1.619      8.937          393 
   K9CB-HB3-L3HD2     33.954      1.771      1.043         8604 
       K9CB-HB3-H     33.954      1.771      9.023         6787 
      K9CB-HB3-HA     33.954      1.771      4.316         3582 
     K9CB-HB3-HB2     33.954      1.771      1.619        61729 
     K9CB-HB3-HB3     33.954      1.771      1.771       174048 
     K9CB-HB3-HD2     33.954      1.771      1.657        13349 
     K9CB-HB3-HD3     33.954      1.771      1.727        44676 
     K9CB-HB3-HE2     33.954      1.771      2.908         1728 
     K9CB-HB3-HE3     33.954      1.771      2.908         1728 
     K9CB-HB3-HG2     33.954      1.771      1.039         8604 
     K9CB-HB3-HG3     33.954      1.771      0.967         4245 
    K9CB-HB3-R10H     33.954      1.771      8.937          447 
      K9CD-HD2-HA     29.988      1.657      4.316         -463 
     K9CD-HD2-HB2     29.988      1.657      1.619       -82447 
     K9CD-HD2-HB3     29.988      1.657      1.771       -67283 
     K9CD-HD2-HD2     29.988      1.657      1.657      -190040 
     K9CD-HD2-HD3     29.988      1.657      1.727      -224193 
     K9CD-HD2-HE2     29.988      1.657      2.908        -9137 
     K9CD-HD2-HE3     29.988      1.657      2.908        -9137 
     K9CD-HD2-HG2     29.988      1.657      1.039        -6839 
     K9CD-HD2-HG3     29.988      1.657      0.967        -4372 
      K9CD-HD3-HA     29.988      1.727      4.316         -507 
     K9CD-HD3-HB2     29.988      1.727      1.619      -107066 
     K9CD-HD3-HB3     29.988      1.727      1.771       -55019 
     K9CD-HD3-HD2     29.988      1.727      1.657      -212547 
     K9CD-HD3-HD3     29.988      1.727      1.727      -160197 
     K9CD-HD3-HE2     29.988      1.727      2.908        -9880 
     K9CD-HD3-HE3     29.988      1.727      2.908        -9880 
     K9CD-HD3-HG2     29.988      1.727      1.039        -6630 
     K9CD-HD3-HG3     29.988      1.727      0.967        -4171 
     K9CE-HE2-HB3     42.106      2.908      1.771         9472 
     K9CE-HE2-HD2     42.106      2.908      1.657        13246 
     K9CE-HE2-HD3     42.106      2.908      1.727        14924 
     K9CE-HE2-HE2     42.106      2.908      2.908      1602340 
     K9CE-HE2-HE3     42.106      2.908      2.908      1602340 
     K9CE-HE2-HG2     42.106      2.908      1.039        16277 
     K9CE-HE2-HG3     42.106      2.908      0.967         5396 
     K9CE-HE3-HB3     42.106      2.908      1.771         9472 
     K9CE-HE3-HD2     42.106      2.908      1.657        13246 
     K9CE-HE3-HD3     42.106      2.908      1.727        14924 
     K9CE-HE3-HE2     42.106      2.908      2.908      1602340 
     K9CE-HE3-HE3     42.106      2.908      2.908      1602340 
     K9CE-HE3-HG2     42.106      2.908      1.039        16277 
     K9CE-HE3-HG3     42.106      2.908      0.967         5396 
       K9CG-HG2-H     25.198      1.039      9.023         -613 
      K9CG-HG2-HA     25.198      1.039      4.316        -2595 
     K9CG-HG2-HB2     25.198      1.039      1.619        -7107 
     K9CG-HG2-HB3     25.198      1.039      1.771        -6283 
     K9CG-HG2-HD2     25.198      1.039      1.657        -4535 
     K9CG-HG2-HD3     25.198      1.039      1.727        -4612 
     K9CG-HG2-HE2     25.198      1.039      2.908        -3158 
     K9CG-HG2-HE3     25.198      1.039      2.908        -3158 
     K9CG-HG2-HG2     25.198      1.039      1.039      -116641 
     K9CG-HG2-HG3     25.198      1.039      0.967       -89650 
    K9CG-HG2-R10H     25.198      1.039      8.937        -1708 
       K9CG-HG3-H     25.198      0.967      9.023         -550 
      K9CG-HG3-HA     25.198      0.967      4.316        -2473 
     K9CG-HG3-HB2     25.198      0.967      1.619        -6724 
     K9CG-HG3-HB3     25.198      0.967      1.771        -6313 
     K9CG-HG3-HD2     25.198      0.967      1.657        -4123 
     K9CG-HG3-HD3     25.198      0.967      1.727        -4698 
     K9CG-HG3-HE2     25.198      0.967      2.908        -2973 
     K9CG-HG3-HE3     25.198      0.967      2.908        -2973 
     K9CG-HG3-HG2     25.198      0.967      1.039      -100498 
     K9CG-HG3-HG3     25.198      0.967      0.967       -94618 
    R10CA-HA-K9HA     54.684      4.431      4.316        -1316 
       R10CA-HA-H     54.684      4.431      8.937         3984 
      R10CA-HA-HA     54.684      4.431      4.431       239707 
     R10CA-HA-HB2     54.684      4.431      0.084         4326 
     R10CA-HA-HB3     54.684      4.431      1.307        10643 
     R10CA-HA-HD2     54.684      4.431      2.885         1555 
     R10CA-HA-HD3     54.684      4.431      2.620         1093 
     R10CA-HA-HG2     54.684      4.431      1.370        11239 
     R10CA-HA-HG3     54.684      4.431      1.216         4717 
    R10CA-HA-M11H     54.684      4.431      8.228        21092 
   R10CA-HA-M11HA     54.684      4.431      4.960          257 
      R10CB-HB2-H     34.791      0.084      8.937         3513 
     R10CB-HB2-HA     34.791      0.084      4.431         2671 
    R10CB-HB2-HB2     34.791      0.084      0.084        78418 
    R10CB-HB2-HB3     34.791      0.084      1.307        35233 
    R10CB-HB2-HD2     34.791      0.084      2.885         2784 
    R10CB-HB2-HD3     34.791      0.084      2.620         2427 
    R10CB-HB2-HG2     34.791      0.084      1.370         8468 
    R10CB-HB2-HG3     34.791      0.084      1.216         6996 
   R10CB-HB2-M11H     34.791      0.084      8.228         2702 
 R10CB-HB2-Y19HE1     34.791      0.084      6.438         1144 
 R10CB-HB2-Y19HE2     34.791      0.084      6.438         1144 
      R10CB-HB3-H     34.791      1.307      8.937         1572 
     R10CB-HB3-HA     34.791      1.307      4.431         4604 
    R10CB-HB3-HB2     34.791      1.307      0.084        34091 
    R10CB-HB3-HB3     34.791      1.307      1.307        70869 
    R10CB-HB3-HD2     34.791      1.307      2.885         3790 
    R10CB-HB3-HD3     34.791      1.307      2.620         2077 
     R10CB-HB3-HE     34.791      1.307      6.972          705 
    R10CB-HB3-HG2     34.791      1.307      1.370        17337 
    R10CB-HB3-HG3     34.791      1.307      1.216        13263 
   R10CB-HB3-M11H     34.791      1.307      8.228         6315 
     R10CD-HD2-HA     43.808      2.885      4.431         1250 
    R10CD-HD2-HB2     43.808      2.885      0.084         3519 
    R10CD-HD2-HB3     43.808      2.885      1.307         6476 
    R10CD-HD2-HD2     43.808      2.885      2.885       187015 
    R10CD-HD2-HD3     43.808      2.885      2.620        60798 
     R10CD-HD2-HE     43.808      2.885      6.972         2652 
    R10CD-HD2-HG2     43.808      2.885      1.370         7054 
    R10CD-HD2-HG3     43.808      2.885      1.216         5606 
     R10CD-HD3-HA     43.808      2.620      4.431         1205 
    R10CD-HD3-HB2     43.808      2.620      0.084         4179 
    R10CD-HD3-HB3     43.808      2.620      1.307         3988 
    R10CD-HD3-HD2     43.808      2.620      2.885        69876 
    R10CD-HD3-HD3     43.808      2.620      2.620       155632 
     R10CD-HD3-HE     43.808      2.620      6.972         2439 
    R10CD-HD3-HG2     43.808      2.620      1.370         5573 
    R10CD-HD3-HG3     43.808      2.620      1.216         6430 
   R10CG-HG2-K9HA     28.074      1.370      4.316         -134 
      R10CG-HG2-H     28.074      1.370      8.937        -1005 
     R10CG-HG2-HA     28.074      1.370      4.431        -4733 
    R10CG-HG2-HB2     28.074      1.370      0.084        -4642 
    R10CG-HG2-HB3     28.074      1.370      1.307       -20659 
    R10CG-HG2-HD2     28.074      1.370      2.885        -4622 
    R10CG-HG2-HD3     28.074      1.370      2.620        -3026 
     R10CG-HG2-HE     28.074      1.370      6.972        -2390 
    R10CG-HG2-HG2     28.074      1.370      1.370      -107066 
    R10CG-HG2-HG3     28.074      1.370      1.216       -46850 
   R10CG-HG2-M11H     28.074      1.370      8.228         -946 
      R10CG-HG3-H     28.074      1.216      8.937         -949 
     R10CG-HG3-HA     28.074      1.216      4.431        -2919 
    R10CG-HG3-HB2     28.074      1.216      0.084        -5979 
    R10CG-HG3-HB3     28.074      1.216      1.307       -14550 
    R10CG-HG3-HD2     28.074      1.216      2.885        -4040 
    R10CG-HG3-HD3     28.074      1.216      2.620        -3479 
     R10CG-HG3-HE     28.074      1.216      6.972        -2135 
    R10CG-HG3-HG2     28.074      1.216      1.370       -48675 
    R10CG-HG3-HG3     28.074      1.216      1.216      -252768 
      M11CB-HB2-H     34.645      1.821      8.228        11117 
     M11CB-HB2-HA     34.645      1.821      4.960         1921 
    M11CB-HB2-HB2     34.645      1.821      1.821       834618 
    M11CB-HB2-HB3     34.645      1.821      1.821       834618 
    M11CB-HB2-HG2     34.645      1.821      2.379        15383 
    M11CB-HB2-HG3     34.645      1.821      2.278        12483 
   M11CB-HB2-S12H     34.645      1.821      8.982         2086 
      M11CB-HB3-H     34.645      1.821      8.228        11117 
     M11CB-HB3-HA     34.645      1.821      4.960         1921 
    M11CB-HB3-HB2     34.645      1.821      1.821       834618 
    M11CB-HB3-HB3     34.645      1.821      1.821       834618 
    M11CB-HB3-HG2     34.645      1.821      2.379        15383 
    M11CB-HB3-HG3     34.645      1.821      2.278        12483 
   M11CB-HB3-S12H     34.645      1.821      8.982         2086 
     M11CG-HG2-HA     31.838      2.379      4.960         -396 
    M11CG-HG2-HB2     31.838      2.379      1.821       -15379 
    M11CG-HG2-HB3     31.838      2.379      1.821       -15379 
    M11CG-HG2-HG2     31.838      2.379      2.379      -324980 
    M11CG-HG2-HG3     31.838      2.379      2.278      -304696 
   M11CG-HG2-S12H     31.838      2.379      8.982         -695 
      M11CG-HG3-H     31.838      2.278      8.228         -862 
     M11CG-HG3-HA     31.838      2.278      4.960         -194 
    M11CG-HG3-HB2     31.838      2.278      1.821       -13125 
    M11CG-HG3-HB3     31.838      2.278      1.821       -13125 
    M11CG-HG3-HG2     31.838      2.278      2.379      -255317 
    M11CG-HG3-HG3     31.838      2.278      2.278      -304593 
   S12CA-HA-M11HA     58.442      4.647      4.960           -3 
       S12CA-HA-H     58.442      4.647      8.982         3169 
      S12CA-HA-HA     58.442      4.647      4.647       119636 
     S12CA-HA-HB2     58.442      4.647      4.050         8906 
     S12CA-HA-HB3     58.442      4.647      4.113         7776 
    S12CA-HA-R13H     58.442      4.647      9.276         8912 
   S12CA-HA-R13HA     58.442      4.647      4.080         8183 
      S12CB-HB2-H     63.671      4.050      8.982        -5946 
     S12CB-HB2-HA     63.671      4.050      4.647        -4215 
    S12CB-HB2-HB2     63.671      4.050      4.050      -134797 
    S12CB-HB2-HB3     63.671      4.050      4.113      -136827 
   S12CB-HB2-R13H     63.671      4.050      9.276         -725 
      S12CB-HB3-H     63.671      4.113      8.982        -6068 
     S12CB-HB3-HA     63.671      4.113      4.647        -4449 
    S12CB-HB3-HB2     63.671      4.113      4.050      -134241 
    S12CB-HB3-HB3     63.671      4.113      4.113      -132689 
   S12CB-HB3-R13H     63.671      4.113      9.276         -699 
   R13CA-HA-S12HA     58.468      4.080      4.647         -910 
       R13CA-HA-H     58.468      4.080      9.276         2521 
      R13CA-HA-HA     58.468      4.080      4.080       511356 
     R13CA-HA-HB2     58.468      4.080      1.847        26750 
     R13CA-HA-HB3     58.468      4.080      1.847        26750 
     R13CA-HA-HG2     58.468      4.080      1.665         7378 
     R13CA-HA-HG3     58.468      4.080      1.710         5105 
    R13CA-HA-N14H     58.468      4.080      8.606         2628 
   R13CA-HA-N14HA     58.468      4.080      4.583          172 
      R13CB-HB2-H     30.193      1.847      9.276        -4059 
     R13CB-HB2-HA     30.193      1.847      4.080       -14246 
    R13CB-HB2-HB2     30.193      1.847      1.847      -720917 
    R13CB-HB2-HB3     30.193      1.847      1.847      -720917 
    R13CB-HB2-HD2     30.193      1.847      3.195        -7899 
    R13CB-HB2-HD3     30.193      1.847      3.195        -7899 
    R13CB-HB2-HG2     30.193      1.847      1.665       -72945 
    R13CB-HB2-HG3     30.193      1.847      1.710       -46140 
   R13CB-HB2-N14H     30.193      1.847      8.606        -2359 
      R13CB-HB3-H     30.193      1.847      9.276        -4059 
     R13CB-HB3-HA     30.193      1.847      4.080       -14246 
    R13CB-HB3-HB2     30.193      1.847      1.847      -720917 
    R13CB-HB3-HB3     30.193      1.847      1.847      -720917 
    R13CB-HB3-HD2     30.193      1.847      3.195        -7899 
    R13CB-HB3-HD3     30.193      1.847      3.195        -7899 
    R13CB-HB3-HG2     30.193      1.847      1.665       -72945 
    R13CB-HB3-HG3     30.193      1.847      1.710       -46140 
   R13CB-HB3-N14H     30.193      1.847      8.606        -2359 
    R13CD-HD2-HB2     43.271      3.195      1.847        14267 
    R13CD-HD2-HB3     43.271      3.195      1.847        14267 
    R13CD-HD2-HD2     43.271      3.195      3.195      1994102 
    R13CD-HD2-HD3     43.271      3.195      3.195      1994102 
    R13CD-HD2-HG2     43.271      3.195      1.665        23544 
    R13CD-HD2-HG3     43.271      3.195      1.710        17710 
    R13CD-HD3-HB2     43.271      3.195      1.847        14267 
    R13CD-HD3-HB3     43.271      3.195      1.847        14267 
    R13CD-HD3-HD2     43.271      3.195      3.195      1994102 
    R13CD-HD3-HD3     43.271      3.195      3.195      1994102 
    R13CD-HD3-HG2     43.271      3.195      1.665        23544 
    R13CD-HD3-HG3     43.271      3.195      1.710        17710 
      R13CG-HG2-H     27.350      1.665      9.276         -838 
     R13CG-HG2-HA     27.350      1.665      4.080        -2839 
    R13CG-HG2-HB2     27.350      1.665      1.847       -49977 
    R13CG-HG2-HB3     27.350      1.665      1.847       -49977 
    R13CG-HG2-HD2     27.350      1.665      3.195       -10820 
    R13CG-HG2-HD3     27.350      1.665      3.195       -10820 
    R13CG-HG2-HG2     27.350      1.665      1.665      -259931 
    R13CG-HG2-HG3     27.350      1.665      1.710      -234196 
      R13CG-HG3-H     27.350      1.710      9.276        -1145 
     R13CG-HG3-HA     27.350      1.710      4.080        -2994 
    R13CG-HG3-HB2     27.350      1.710      1.847       -55074 
    R13CG-HG3-HB3     27.350      1.710      1.847       -55074 
    R13CG-HG3-HD2     27.350      1.710      3.195       -10340 
    R13CG-HG3-HD3     27.350      1.710      3.195       -10340 
    R13CG-HG3-HG2     27.350      1.710      1.665      -308602 
    R13CG-HG3-HG3     27.350      1.710      1.710      -267853 
   N14CA-HA-R13HA     55.303      4.583      4.080          631 
       N14CA-HA-H     55.303      4.583      8.606         3214 
      N14CA-HA-HA     55.303      4.583      4.583       282097 
     N14CA-HA-HB2     55.303      4.583      2.814        23548 
     N14CA-HA-HB3     55.303      4.583      2.814        23548 
    N14CA-HA-HD21     55.303      4.583      7.825         1058 
   N14CA-HA-S15HA     55.303      4.583      4.509        -8654 
    N14CA-HA-G16H     55.303      4.583      8.019          304 
      N14CB-HB2-H     38.697      2.814      8.606         2048 
     N14CB-HB2-HA     38.697      2.814      4.583         8343 
    N14CB-HB2-HB2     38.697      2.814      2.814       572472 
    N14CB-HB2-HB3     38.697      2.814      2.814       572472 
   N14CB-HB2-HD21     38.697      2.814      7.825         4188 
   N14CB-HB2-HD22     38.697      2.814      7.026         1372 
      N14CB-HB3-H     38.697      2.814      8.606         2048 
     N14CB-HB3-HA     38.697      2.814      4.583         8343 
    N14CB-HB3-HB2     38.697      2.814      2.814       572472 
    N14CB-HB3-HB3     38.697      2.814      2.814       572472 
   N14CB-HB3-HD21     38.697      2.814      7.825         4188 
   N14CB-HB3-HD22     38.697      2.814      7.026         1372 
   S15CA-HA-N14HA     58.357      4.509      4.583       -12584 
      S15CA-HA-HA     58.357      4.509      4.509       292437 
     S15CA-HA-HB2     58.357      4.509      3.829        12740 
     S15CA-HA-HB3     58.357      4.509      3.966        16242 
    S15CA-HA-G16H     58.357      4.509      8.019         3003 
  S15CA-HA-G16HA3     58.357      4.509      3.930         5300 
     S15CB-HB2-HA     65.094      3.829      4.509       -10336 
    S15CB-HB2-HB2     65.094      3.829      3.829      -156679 
    S15CB-HB2-HB3     65.094      3.829      3.966      -112084 
   S15CB-HB2-G16H     65.094      3.829      8.019         -746 
   S15CB-HB2-R17H     65.094      3.829      7.820        -1177 
     S15CB-HB3-HA     65.094      3.966      4.509       -10541 
    S15CB-HB3-HB2     65.094      3.966      3.829       -87789 
    S15CB-HB3-HB3     65.094      3.966      3.966      -170299 
   S15CB-HB3-G16H     65.094      3.966      8.019         -889 
      G16CA-HA2-H     46.198      4.029      8.019         7508 
    G16CA-HA2-HA2     46.198      4.029      4.029        61825 
    G16CA-HA2-HA3     46.198      4.029      3.930       122983 
   G16CA-HA2-R17H     46.198      4.029      7.820         2103 
  G16CA-HA2-R17HA     46.198      4.029      4.358          145 
  G16CA-HA3-S15HA     46.198      3.930      4.509          101 
      G16CA-HA3-H     46.198      3.930      8.019         5233 
    G16CA-HA3-HA2     46.198      3.930      4.029       137356 
    G16CA-HA3-HA3     46.198      3.930      3.930        68974 
   G16CA-HA3-R17H     46.198      3.930      7.820         1959 
  G16CA-HA3-R17HA     46.198      3.930      4.358          653 
  R17CA-HA-G16HA2     56.555      4.358      4.029         -225 
  R17CA-HA-G16HA3     56.555      4.358      3.930          -53 
       R17CA-HA-H     56.555      4.358      7.820         5570 
      R17CA-HA-HA     56.555      4.358      4.358       657824 
     R17CA-HA-HB2     56.555      4.358      1.723        21751 
     R17CA-HA-HB3     56.555      4.358      1.920         9648 
     R17CA-HA-HD2     56.555      4.358      2.982         1979 
     R17CA-HA-HD3     56.555      4.358      2.827          759 
    R17CA-HA-V18H     56.555      4.358      8.652        40261 
   R17CA-HA-V18HA     56.555      4.358      4.557          271 
   R17CA-HA-V18HB     56.555      4.358      1.944         7423 
   R17CB-HB2-G16H     31.960      1.723      8.019         -105 
      R17CB-HB2-H     31.960      1.723      7.820        -6158 
     R17CB-HB2-HA     31.960      1.723      4.358        -6420 
    R17CB-HB2-HB2     31.960      1.723      1.723      -165198 
    R17CB-HB2-HB3     31.960      1.723      1.920       -68172 
    R17CB-HB2-HD2     31.960      1.723      2.982        -3981 
    R17CB-HB2-HD3     31.960      1.723      2.827        -3609 
     R17CB-HB2-HE     31.960      1.723      6.946         -970 
   R17CB-HB2-HH21     31.960      1.723      6.357         -185 
   R17CB-HB2-V18H     31.960      1.723      8.652        -2078 
      R17CB-HB3-H     31.960      1.920      7.820        -3974 
     R17CB-HB3-HA     31.960      1.920      4.358        -5480 
    R17CB-HB3-HB2     31.960      1.920      1.723       -76681 
    R17CB-HB3-HB3     31.960      1.920      1.920      -124303 
    R17CB-HB3-HD2     31.960      1.920      2.982        -2433 
    R17CB-HB3-HD3     31.960      1.920      2.827        -3328 
     R17CB-HB3-HE     31.960      1.920      6.946        -1032 
   R17CB-HB3-V18H     31.960      1.920      8.652        -2210 
     R17CD-HD2-HA     43.700      2.982      4.358         1159 
    R17CD-HD2-HB2     43.700      2.982      1.723        16883 
    R17CD-HD2-HB3     43.700      2.982      1.920         4359 
    R17CD-HD2-HD2     43.700      2.982      2.982       760870 
    R17CD-HD2-HD3     43.700      2.982      2.827       126381 
     R17CD-HD2-HE     43.700      2.982      6.946         2193 
   R17CD-HD2-HH21     43.700      2.982      6.357         1268 
      R17CD-HD3-H     43.700      2.827      7.820          359 
     R17CD-HD3-HA     43.700      2.827      4.358          632 
    R17CD-HD3-HB2     43.700      2.827      1.723        15049 
    R17CD-HD3-HB3     43.700      2.827      1.920         4308 
    R17CD-HD3-HD2     43.700      2.827      2.982       132040 
    R17CD-HD3-HD3     43.700      2.827      2.827       240730 
     R17CD-HD3-HE     43.700      2.827      6.946         1455 
   R17CD-HD3-HH21     43.700      2.827      6.357         1312 
   V18CA-HA-M11HA     62.703      4.557      4.960         2654 
    V18CA-HA-S12H     62.703      4.557      8.982         1863 
   V18CA-HA-R17HA     62.703      4.557      4.358          -38 
       V18CA-HA-H     62.703      4.557      8.652         4936 
      V18CA-HA-HA     62.703      4.557      4.557       189314 
      V18CA-HA-HB     62.703      4.557      1.944        -5657 
     V18CA-HA-HG1     62.703      4.557      0.752        14334 
     V18CA-HA-HG2     62.703      4.557      1.030        16045 
    V18CA-HA-Y19H     62.703      4.557      8.715        26445 
   V18CA-HA-Y19HA     62.703      4.557      4.797          491 
  V18CA-HA-Y19HB3     62.703      4.557      2.872          719 
   V18CB-HB-R17HA     32.954      1.944      4.358        -1542 
       V18CB-HB-H     32.954      1.944      8.652       -16445 
      V18CB-HB-HA     32.954      1.944      4.557         -108 
      V18CB-HB-HB     32.954      1.944      1.944      -300788 
     V18CB-HB-HG1     32.954      1.944      0.752       -20756 
     V18CB-HB-HG2     32.954      1.944      1.030       -20696 
    V18CB-HB-Y19H     32.954      1.944      8.715         -887 
     V18CG1-HG1-H     21.687      0.752      8.652        -4683 
    V18CG1-HG1-HA     21.687      0.752      4.557        -9535 
    V18CG1-HG1-HB     21.687      0.752      1.944       -39112 
   V18CG1-HG1-HG1     21.687      0.752      0.752     -2298812 
   V18CG1-HG1-HG2     21.687      0.752      1.030       -51790 
  V18CG1-HG1-Y19H     21.687      0.752      8.715        -9620 
 V18CG1-HG1-Y19HA     21.687      0.752      4.797        -1459 
 V18CG2-HG2-M11HA     22.494      1.030      4.960         -496 
     V18CG2-HG2-H     22.494      1.030      8.652       -24667 
    V18CG2-HG2-HA     22.494      1.030      4.557       -12949 
    V18CG2-HG2-HB     22.494      1.030      1.944       -52615 
   V18CG2-HG2-HG1     22.494      1.030      0.752       -44990 
   V18CG2-HG2-HG2     22.494      1.030      1.030     -3234665 
  V18CG2-HG2-Y19H     22.494      1.030      8.715        -2638 
   Y19CA-HA-V18HA     55.873      4.797      4.557          778 
  Y19CA-HA-V18HG1     55.873      4.797      0.752         4181 
       Y19CA-HA-H     55.873      4.797      8.715         5169 
      Y19CA-HA-HA     55.873      4.797      4.797        67863 
     Y19CA-HA-HB2     55.873      4.797      2.558        13159 
     Y19CA-HA-HB3     55.873      4.797      2.872        11078 
     Y19CA-HA-HD1     55.873      4.797      6.929         1726 
     Y19CA-HA-HD2     55.873      4.797      6.929         1726 
    Y19CA-HA-Y20H     55.873      4.797      9.158        11281 
   Y19CA-HA-Y20HA     55.873      4.797      5.283          726 
   Y19CA-HA-F30HA     55.873      4.797      4.787        67863 
      Y19CB-HB2-H     40.221      2.558      8.715          802 
     Y19CB-HB2-HA     40.221      2.558      4.797         3220 
    Y19CB-HB2-HB2     40.221      2.558      2.558        60700 
    Y19CB-HB2-HB3     40.221      2.558      2.872        36653 
    Y19CB-HB2-HD1     40.221      2.558      6.929         4263 
    Y19CB-HB2-HD2     40.221      2.558      6.929         4263 
   Y19CB-HB2-Y20H     40.221      2.558      9.158         6413 
  Y19CB-HB2-Y20HA     40.221      2.558      5.283          279 
  Y19CB-HB3-V18HA     40.221      2.872      4.557          424 
      Y19CB-HB3-H     40.221      2.872      8.715          561 
     Y19CB-HB3-HA     40.221      2.872      4.797         3269 
    Y19CB-HB3-HB2     40.221      2.872      2.558        41965 
    Y19CB-HB3-HB3     40.221      2.872      2.872        62036 
    Y19CB-HB3-HD1     40.221      2.872      6.929         3932 
    Y19CB-HB3-HD2     40.221      2.872      6.929         3932 
   Y19CB-HB3-Y20H     40.221      2.872      9.158         3598 
     Y19CD1-HD1-H    134.204      6.929      8.715        -1876 
    Y19CD1-HD1-HA    134.204      6.929      4.797         -160 
   Y19CD1-HD1-HB2    134.204      6.929      2.558        -3716 
   Y19CD1-HD1-HB3    134.204      6.929      2.872        -2876 
   Y19CD1-HD1-HD1    134.204      6.929      6.929       -67169 
   Y19CD1-HD1-HD2    134.204      6.929      6.929       -67169 
   Y19CD1-HD1-HE1    134.204      6.929      6.438        -8337 
   Y19CD1-HD1-HE2    134.204      6.929      6.438        -8337 
Y19CE1-HE1-R10HB2    117.581      6.438      0.084         2067 
   Y19CE1-HE1-HD1    117.581      6.438      6.929        11286 
   Y19CE1-HE1-HD2    117.581      6.438      6.929        11286 
   Y19CE1-HE1-HE1    117.581      6.438      6.438       282178 
   Y19CE1-HE1-HE2    117.581      6.438      6.438       282178 
   Y20CA-HA-W7HE3     57.113      5.283      7.336          645 
    Y20CA-HA-K9HA     57.113      5.283      4.316         6651 
    Y20CA-HA-R10H     57.113      5.283      8.937         2555 
    Y20CA-HA-Y19H     57.113      5.283      8.715          310 
   Y20CA-HA-Y19HA     57.113      5.283      4.797          113 
  Y20CA-HA-Y19HB2     57.113      5.283      2.558          678 
       Y20CA-HA-H     57.113      5.283      9.158         2213 
      Y20CA-HA-HA     57.113      5.283      5.283        80115 
     Y20CA-HA-HB2     57.113      5.283      2.624         3992 
     Y20CA-HA-HB3     57.113      5.283      2.882         7691 
     Y20CA-HA-HD1     57.113      5.283      6.790         3456 
     Y20CA-HA-HD2     57.113      5.283      6.790         3456 
    Y20CA-HA-F21H     57.113      5.283      9.357        15924 
   Y20CA-HA-F21HA     57.113      5.283      5.648          207 
  Y20CB-HB2-W7HE3     41.444      2.624      7.336         2249 
  Y20CB-HB2-W7HZ3     41.444      2.624      6.932         1699 
      Y20CB-HB2-H     41.444      2.624      9.158         4015 
     Y20CB-HB2-HA     41.444      2.624      5.283         2082 
    Y20CB-HB2-HB2     41.444      2.624      2.624        67641 
    Y20CB-HB2-HB3     41.444      2.624      2.882        36539 
    Y20CB-HB2-HD1     41.444      2.624      6.790         4546 
    Y20CB-HB2-HD2     41.444      2.624      6.790         4546 
   Y20CB-HB2-F21H     41.444      2.624      9.357         1542 
   Y20CB-HB2-Q29H     41.444      2.624      9.381         1600 
 Y20CB-HB2-P33HD3     41.444      2.624      2.453         2319 
  Y20CB-HB3-W7HB3     41.444      2.882      2.922        50425 
  Y20CB-HB3-W7HE3     41.444      2.882      7.336         4297 
  Y20CB-HB3-W7HZ3     41.444      2.882      6.932         1954 
    Y20CB-HB3-E8H     41.444      2.882      9.731          102 
      Y20CB-HB3-H     41.444      2.882      9.158         2477 
     Y20CB-HB3-HA     41.444      2.882      5.283         2971 
    Y20CB-HB3-HB2     41.444      2.882      2.624        41390 
    Y20CB-HB3-HB3     41.444      2.882      2.882        77622 
    Y20CB-HB3-HD1     41.444      2.882      6.790         5116 
    Y20CB-HB3-HD2     41.444      2.882      6.790         5116 
   Y20CB-HB3-F21H     41.444      2.882      9.357         1996 
  Y20CB-HB3-F21HA     41.444      2.882      5.648           54 
    Y20CD1-HD1-HA    133.760      6.790      5.283         -106 
   Y20CD1-HD1-HB2    133.760      6.790      2.624        -1453 
   Y20CD1-HD1-HB3    133.760      6.790      2.882        -1343 
   Y20CD1-HD1-HD1    133.760      6.790      6.790       -29937 
   Y20CD1-HD1-HD2    133.760      6.790      6.790       -29937 
   Y20CD1-HD1-HE1    133.760      6.790      6.703       -11558 
   Y20CD1-HD1-HE2    133.760      6.790      6.703       -11558 
   Y20CE1-HE1-HD1    117.149      6.703      6.790        24178 
   Y20CE1-HE1-HD2    117.149      6.703      6.790        24178 
   Y20CE1-HE1-HE1    117.149      6.703      6.703       302356 
   Y20CE1-HE1-HE2    117.149      6.703      6.703       302356 
   F21CA-HA-W7HE3     55.947      5.648      7.336          484 
   F21CA-HA-W7HZ3     55.947      5.648      6.932         4875 
   F21CA-HA-Y20HA     55.947      5.648      5.283           41 
  F21CA-HA-Y20HB3     55.947      5.648      2.882         4768 
       F21CA-HA-H     55.947      5.648      9.357         2873 
      F21CA-HA-HA     55.947      5.648      5.648       116485 
     F21CA-HA-HB2     55.947      5.648      2.918         8211 
     F21CA-HA-HB3     55.947      5.648      2.531         4097 
     F21CA-HA-HD1     55.947      5.648      6.918         5859 
     F21CA-HA-HD2     55.947      5.648      6.918         5859 
    F21CA-HA-N22H     55.947      5.648      8.229        16327 
   F21CA-HA-N22HA     55.947      5.648      4.349          710 
  F21CA-HA-N22HB2     55.947      5.648     -0.763          550 
  F21CA-HA-N22HB3     55.947      5.648      1.953          503 
   F21CA-HA-S28HA     55.947      5.648      6.063         8045 
      F21CB-HB2-H     44.597      2.918      9.357         3570 
     F21CB-HB2-HA     44.597      2.918      5.648         5957 
    F21CB-HB2-HB2     44.597      2.918      2.918        92320 
    F21CB-HB2-HB3     44.597      2.918      2.531        50902 
    F21CB-HB2-HD1     44.597      2.918      6.918         5093 
    F21CB-HB2-HD2     44.597      2.918      6.918         5093 
   F21CB-HB2-N22H     44.597      2.918      8.229          782 
      F21CB-HB3-H     44.597      2.531      9.357         4499 
     F21CB-HB3-HA     44.597      2.531      5.648         3634 
    F21CB-HB3-HB2     44.597      2.531      2.918        41750 
    F21CB-HB3-HB3     44.597      2.531      2.531        86500 
    F21CB-HB3-HD1     44.597      2.531      6.918         5030 
    F21CB-HB3-HD2     44.597      2.531      6.918         5030 
   F21CB-HB3-N22H     44.597      2.531      8.229          535 
    F21CD1-HD1-HA    131.648      6.918      5.648        -1245 
   F21CD1-HD1-HB2    131.648      6.918      2.918        -2068 
   F21CD1-HD1-HB3    131.648      6.918      2.531        -3361 
   F21CD1-HD1-HD1    131.648      6.918      6.918       -61406 
   F21CD1-HD1-HD2    131.648      6.918      6.918       -61406 
   F21CD1-HD1-HE1    131.648      6.918      6.997       -20122 
   F21CD1-HD1-HE2    131.648      6.918      6.997       -20122 
    F21CD1-HD1-HZ    131.648      6.918      7.292         1000 
   F21CE1-HE1-HD1    130.824      6.997      6.918       -10161 
   F21CE1-HE1-HD2    130.824      6.997      6.918       -10161 
   F21CE1-HE1-HE1    130.824      6.997      6.997       -24557 
   F21CE1-HE1-HE2    130.824      6.997      6.997       -24557 
    F21CE1-HE1-HZ    130.824      6.997      7.292        -5668 
     F21CZ-HZ-HD1    130.560      7.292      6.918        -2570 
     F21CZ-HZ-HD2    130.560      7.292      6.918        -2570 
     F21CZ-HZ-HE1    130.560      7.292      6.997        -7230 
     F21CZ-HZ-HE2    130.560      7.292      6.997        -7230 
      F21CZ-HZ-HZ    130.560      7.292      7.292       -19016 
    N22CA-HA-W7HA     50.690      4.349      5.176         4429 
   N22CA-HA-W7HE3     50.690      4.349      7.336         1027 
     N22CA-HA-E8H     50.690      4.349      9.731         1776 
    N22CA-HA-F21H     50.690      4.349      9.357          185 
   N22CA-HA-F21HA     50.690      4.349      5.648          472 
       N22CA-HA-H     50.690      4.349      8.229         2245 
      N22CA-HA-HA     50.690      4.349      4.349       112534 
     N22CA-HA-HB2     50.690      4.349     -0.763         7162 
     N22CA-HA-HB3     50.690      4.349      1.953         4044 
    N22CA-HA-HD21     50.690      4.349      4.123         1111 
    N22CA-HA-HD22     50.690      4.349      6.600          576 
    N22CA-HA-H23H     50.690      4.349      8.156        18308 
   N22CA-HA-H23HA     50.690      4.349      4.114         1172 
    N22CA-HA-I24H     50.690      4.349      8.368         1317 
  N22CB-HB2-W7HE3     38.016     -0.763      7.336          682 
  N22CB-HB2-W7HZ2     38.016     -0.763      7.411          588 
  N22CB-HB2-W7HZ3     38.016     -0.763      6.932         1047 
  N22CB-HB2-F21HA     38.016     -0.763      5.648          404 
      N22CB-HB2-H     38.016     -0.763      8.229         3034 
     N22CB-HB2-HA     38.016     -0.763      4.349         2882 
    N22CB-HB2-HB2     38.016     -0.763     -0.763        67582 
    N22CB-HB2-HB3     38.016     -0.763      1.953        28120 
   N22CB-HB2-HD21     38.016     -0.763      4.123         6235 
   N22CB-HB2-HD22     38.016     -0.763      6.600         1887 
   N22CB-HB2-H23H     38.016     -0.763      8.156          218 
   N22CB-HB2-I24H     38.016     -0.763      8.368           71 
   N22CB-HB2-T25H     38.016     -0.763      7.304          886 
  N22CB-HB3-W7HH2     38.016      1.953      6.971          357 
  N22CB-HB3-F21HA     38.016      1.953      5.648          504 
      N22CB-HB3-H     38.016      1.953      8.229         4358 
     N22CB-HB3-HA     38.016      1.953      4.349         2277 
    N22CB-HB3-HB2     38.016      1.953     -0.763        32355 
    N22CB-HB3-HB3     38.016      1.953      1.953        75654 
   N22CB-HB3-HD21     38.016      1.953      4.123         3284 
   N22CB-HB3-HD22     38.016      1.953      6.600          965 
   N22CB-HB3-H23H     38.016      1.953      8.156          372 
   N22CB-HB3-I24H     38.016      1.953      8.368          449 
  N22CB-HB3-I24HB     38.016      1.953      1.959        65314 
   N22CB-HB3-T25H     38.016      1.953      7.304         1462 
   H23CA-HA-N22HA     57.447      4.114      4.349         1030 
       H23CA-HA-H     57.447      4.114      8.156         5771 
      H23CA-HA-HA     57.447      4.114      4.114       387282 
     H23CA-HA-HB2     57.447      4.114      3.115        14637 
     H23CA-HA-HB3     57.447      4.114      3.367        14345 
     H23CA-HA-HD2     57.447      4.114      7.130         2418 
    H23CA-HA-I24H     57.447      4.114      8.368         3388 
   H23CA-HA-I24HA     57.447      4.114      3.804          198 
      H23CB-HB2-H     29.082      3.115      8.156        -3173 
     H23CB-HB2-HA     29.082      3.115      4.114        -6451 
    H23CB-HB2-HB2     29.082      3.115      3.115       -88531 
    H23CB-HB2-HB3     29.082      3.115      3.367       -67882 
    H23CB-HB2-HD2     29.082      3.115      7.130        -1413 
   H23CB-HB2-I24H     29.082      3.115      8.368         -688 
      H23CB-HB3-H     29.082      3.367      8.156        -3292 
     H23CB-HB3-HA     29.082      3.367      4.114        -6594 
    H23CB-HB3-HB2     29.082      3.367      3.115       -60080 
    H23CB-HB3-HB3     29.082      3.367      3.367       -97048 
    H23CB-HB3-HD2     29.082      3.367      7.130        -1470 
   H23CB-HB3-I24H     29.082      3.367      8.368         -938 
    H23CD2-HD2-HA    120.564      7.130      4.114          118 
   H23CD2-HD2-HB2    120.564      7.130      3.115          749 
   H23CD2-HD2-HB3    120.564      7.130      3.367         1772 
   H23CD2-HD2-HD2    120.564      7.130      7.130       128050 
   I24CA-HA-H23HA     63.543      3.804      4.114          -80 
       I24CA-HA-H     63.543      3.804      8.368        -5205 
      I24CA-HA-HA     63.543      3.804      3.804      -334180 
      I24CA-HA-HB     63.543      3.804      1.959        -7453 
     I24CA-HA-HD1     63.543      3.804      0.692       -15741 
    I24CA-HA-HG12     63.543      3.804      0.912        -9722 
    I24CA-HA-HG13     63.543      3.804      1.208        -5212 
     I24CA-HA-HG2     63.543      3.804      0.734       -20641 
    I24CA-HA-T25H     63.543      3.804      7.304        -1944 
   I24CA-HA-T25HA     63.543      3.804      4.058         -292 
  I24CA-HA-T25HG2     63.543      3.804      0.899        -9722 
  I24CB-HB-N22HB3     37.323      1.959      1.953       194108 
 I24CB-HB-N22HD21     37.323      1.959      4.123          243 
 I24CB-HB-N22HD22     37.323      1.959      6.600          981 
       I24CB-HB-H     37.323      1.959      8.368        11682 
      I24CB-HB-HA     37.323      1.959      3.804         6142 
      I24CB-HB-HB     37.323      1.959      1.959       194596 
     I24CB-HB-HD1     37.323      1.959      0.692        18743 
    I24CB-HB-HG12     37.323      1.959      0.912        10799 
    I24CB-HB-HG13     37.323      1.959      1.208         8170 
     I24CB-HB-HG2     37.323      1.959      0.734        23475 
    I24CB-HB-T25H     37.323      1.959      7.304         9353 
   I24CB-HB-T25HA     37.323      1.959      4.058          647 
  I24CB-HB-T25HG2     37.323      1.959      0.899        10799 
 I24CD1-HD1-G6HA2     12.280      0.692      3.210        -3339 
 I24CD1-HD1-G6HA3     12.280      0.692      4.008        -5070 
I24CD1-HD1-N22HD22     12.280      0.692      6.600         -816 
     I24CD1-HD1-H     12.280      0.692      8.368        -3048 
    I24CD1-HD1-HA     12.280      0.692      3.804        -6716 
    I24CD1-HD1-HB     12.280      0.692      1.959       -12136 
   I24CD1-HD1-HD1     12.280      0.692      0.692     -1789189 
  I24CD1-HD1-HG12     12.280      0.692      0.912       -65247 
  I24CD1-HD1-HG13     12.280      0.692      1.208       -28794 
   I24CD1-HD1-HG2     12.280      0.692      0.734      -594655 
  I24CD1-HD1-T25H     12.280      0.692      7.304        -1038 
I24CD1-HD1-T25HG2     12.280      0.692      0.899       -65247 
    I24CG1-HG12-H     28.031      0.912      8.368        -2660 
   I24CG1-HG12-HA     28.031      0.912      3.804        -4929 
   I24CG1-HG12-HB     28.031      0.912      1.959        -3638 
  I24CG1-HG12-HD1     28.031      0.912      0.692       -26127 
 I24CG1-HG12-HG12     28.031      0.912      0.912      -123413 
 I24CG1-HG12-HG13     28.031      0.912      1.208       -52985 
  I24CG1-HG12-HG2     28.031      0.912      0.734       -13003 
I24CG1-HG13-G6HA3     28.031      1.208      4.008        -1318 
I24CG1-HG13-N22HD22     28.031      1.208      6.600         -177 
 I24CG1-HG13-H23H     28.031      1.208      8.156         -105 
    I24CG1-HG13-H     28.031      1.208      8.368        -5986 
   I24CG1-HG13-HA     28.031      1.208      3.804        -4433 
   I24CG1-HG13-HB     28.031      1.208      1.959        -6218 
  I24CG1-HG13-HD1     28.031      1.208      0.692       -23258 
 I24CG1-HG13-HG12     28.031      1.208      0.912       -70954 
 I24CG1-HG13-HG13     28.031      1.208      1.208      -252768 
  I24CG1-HG13-HG2     28.031      1.208      0.734       -12630 
 I24CG1-HG13-T25H     28.031      1.208      7.304         -567 
I24CG2-HG2-N22HD22     17.111      0.734      6.600         -786 
     I24CG2-HG2-H     17.111      0.734      8.368        -3790 
    I24CG2-HG2-HA     17.111      0.734      3.804       -24365 
    I24CG2-HG2-HB     17.111      0.734      1.959       -37678 
   I24CG2-HG2-HD1     17.111      0.734      0.692     -1589758 
  I24CG2-HG2-HG12     17.111      0.734      0.912       -31626 
  I24CG2-HG2-HG13     17.111      0.734      1.208        -9207 
   I24CG2-HG2-HG2     17.111      0.734      0.734     -2838143 
  I24CG2-HG2-T25H     17.111      0.734      7.304        -4939 
 I24CG2-HG2-T25HA     17.111      0.734      4.058        -3317 
I24CG2-HG2-T25HG2     17.111      0.734      0.899       -31626 
   T25CA-HA-I24HA     61.386      4.058      3.804         -837 
   T25CA-HA-I24HB     61.386      4.058      1.959         1111 
  T25CA-HA-I24HG2     61.386      4.058      0.734         4101 
       T25CA-HA-H     61.386      4.058      7.304         8155 
      T25CA-HA-HA     61.386      4.058      4.058       453428 
      T25CA-HA-HB     61.386      4.058      4.201        21244 
     T25CA-HA-HG1     61.386      4.058      5.104          685 
     T25CA-HA-HG2     61.386      4.058      0.899        26157 
    T25CA-HA-N26H     61.386      4.058      8.043         3185 
    T25CA-HA-A27H     61.386      4.058      7.120          663 
   T25CA-HA-A27HB     61.386      4.058      1.221          944 
       T25CB-HB-H     70.234      4.201      7.304        -2166 
      T25CB-HB-HA     70.234      4.201      4.058       -18442 
      T25CB-HB-HB     70.234      4.201      4.201      -352214 
     T25CB-HB-HG1     70.234      4.201      5.104        -6387 
     T25CB-HB-HG2     70.234      4.201      0.899       -35079 
    T25CB-HB-N26H     70.234      4.201      8.043         -788 
    T25CB-HB-A27H     70.234      4.201      7.120        -2661 
   T25CB-HB-A27HB     70.234      4.201      1.221        -4702 
  T25CG2-HG2-I24H     21.240      0.899      8.368        -1178 
 T25CG2-HG2-I24HA     21.240      0.899      3.804        -1021 
 T25CG2-HG2-I24HB     21.240      0.899      1.959        -7645 
T25CG2-HG2-I24HD1     21.240      0.899      0.692         3867 
T25CG2-HG2-I24HG2     21.240      0.899      0.734         -232 
     T25CG2-HG2-H     21.240      0.899      7.304       -13722 
    T25CG2-HG2-HA     21.240      0.899      4.058       -16983 
    T25CG2-HG2-HB     21.240      0.899      4.201       -28033 
   T25CG2-HG2-HG1     21.240      0.899      5.104        -7000 
   T25CG2-HG2-HG2     21.240      0.899      0.899     -1747748 
  T25CG2-HG2-N26H     21.240      0.899      8.043        -1390 
  T25CG2-HG2-A27H     21.240      0.899      7.120         -626 
 T25CG2-HG2-A27HB     21.240      0.899      1.221        -2704 
       N26CA-HA-H     55.256      4.102      8.043        28348 
      N26CA-HA-HA     55.256      4.102      4.102       247724 
     N26CA-HA-HB2     55.256      4.102      3.097        17480 
     N26CA-HA-HB3     55.256      4.102      2.897         8154 
    N26CA-HA-HD21     55.256      4.102      7.503          458 
    N26CA-HA-A27H     55.256      4.102      7.120         6073 
   N26CA-HA-A27HA     55.256      4.102      4.392          547 
   N26CA-HA-A27HB     55.256      4.102      1.221          662 
      N26CB-HB2-H     37.640      3.097      8.043         1405 
     N26CB-HB2-HA     37.640      3.097      4.102         8499 
    N26CB-HB2-HB2     37.640      3.097      3.097       268090 
    N26CB-HB2-HB3     37.640      3.097      2.897       200993 
   N26CB-HB2-HD21     37.640      3.097      7.503         4689 
   N26CB-HB2-HD22     37.640      3.097      6.885         1077 
   N26CB-HB2-A27H     37.640      3.097      7.120          792 
      N26CB-HB3-H     37.640      2.897      8.043         1517 
     N26CB-HB3-HA     37.640      2.897      4.102         7051 
    N26CB-HB3-HB2     37.640      2.897      3.097       187658 
    N26CB-HB3-HB3     37.640      2.897      2.897       294652 
   N26CB-HB3-HD21     37.640      2.897      7.503         5506 
   N26CB-HB3-HD22     37.640      2.897      6.885         1111 
   N26CB-HB3-A27H     37.640      2.897      7.120          738 
   A27CA-HA-N26HA     52.342      4.392      4.102          -92 
       A27CA-HA-H     52.342      4.392      7.120        13703 
      A27CA-HA-HA     52.342      4.392      4.392       330053 
      A27CA-HA-HB     52.342      4.392      1.221        31911 
    A27CA-HA-S28H     52.342      4.392      8.395        36231 
   A27CA-HA-S28HA     52.342      4.392      6.063          473 
   A27CB-HB-W7HH2     20.990      1.221      6.971        -4856 
   A27CB-HB-T25HA     20.990      1.221      4.058         -525 
   A27CB-HB-T25HB     20.990      1.221      4.201        -3436 
  A27CB-HB-T25HG1     20.990      1.221      5.104        -5270 
  A27CB-HB-T25HG2     20.990      1.221      0.899          578 
    A27CB-HB-N26H     20.990      1.221      8.043         -785 
   A27CB-HB-N26HA     20.990      1.221      4.102        -1353 
       A27CB-HB-H     20.990      1.221      7.120       -21457 
      A27CB-HB-HA     20.990      1.221      4.392       -30828 
      A27CB-HB-HB     20.990      1.221      1.221     -2087638 
    A27CB-HB-S28H     20.990      1.221      8.395       -12921 
   A27CB-HB-S28HA     20.990      1.221      6.063         -407 
   S28CA-HA-W7HZ3     57.193      6.063      6.932         4889 
   S28CA-HA-F21HA     57.193      6.063      5.648         8704 
    S28CA-HA-N22H     57.193      6.063      8.229         1922 
   S28CA-HA-A27HA     57.193      6.063      4.392          718 
   S28CA-HA-A27HB     57.193      6.063      1.221         1583 
       S28CA-HA-H     57.193      6.063      8.395         5609 
      S28CA-HA-HA     57.193      6.063      6.063       190559 
     S28CA-HA-HB2     57.193      6.063      3.870        10523 
     S28CA-HA-HB3     57.193      6.063      3.777         8262 
    S28CA-HA-Q29H     57.193      6.063      9.381        17820 
   S28CA-HA-Q29HA     57.193      6.063      4.849          267 
      S28CB-HB2-H     66.775      3.870      8.395        -4652 
     S28CB-HB2-HA     66.775      3.870      6.063        -7193 
    S28CB-HB2-HB2     66.775      3.870      3.870      -186367 
    S28CB-HB2-HB3     66.775      3.870      3.777      -192515 
   S28CB-HB2-Q29H     66.775      3.870      9.381        -3344 
      S28CB-HB3-H     66.775      3.777      8.395        -5574 
     S28CB-HB3-HA     66.775      3.777      6.063        -8271 
    S28CB-HB3-HB2     66.775      3.777      3.870      -205398 
    S28CB-HB3-HB3     66.775      3.777      3.777      -203179 
   S28CB-HB3-Q29H     66.775      3.777      9.381        -3178 
   Q29CA-HA-S28HA     54.987      4.849      6.063          885 
       Q29CA-HA-H     54.987      4.849      9.381         4690 
      Q29CA-HA-HA     54.987      4.849      4.849        66760 
     Q29CA-HA-HB2     54.987      4.849      2.527        17757 
     Q29CA-HA-HB3     54.987      4.849      2.173        16971 
    Q29CA-HA-F30H     54.987      4.849      8.993        19464 
   Q29CA-HA-F30HA     54.987      4.849      4.787          759 
    Q29CA-HA-E31H     54.987      4.849      8.106         1045 
      Q29CB-HB2-H     31.949      2.527      9.381        -3233 
     Q29CB-HB2-HA     31.949      2.527      4.849        -2436 
    Q29CB-HB2-HB2     31.949      2.527      2.527      -161859 
    Q29CB-HB2-HB3     31.949      2.527      2.173       -93670 
   Q29CB-HB2-HE21     31.949      2.527      7.427       -10115 
   Q29CB-HB2-HE22     31.949      2.527      6.754        -3120 
   Q29CB-HB2-F30H     31.949      2.527      8.993        -3031 
      Q29CB-HB3-H     31.949      2.173      9.381        -4683 
     Q29CB-HB3-HA     31.949      2.173      4.849        -2705 
    Q29CB-HB3-HB2     31.949      2.173      2.527      -103517 
    Q29CB-HB3-HB3     31.949      2.173      2.173      -181513 
   Q29CB-HB3-HE21     31.949      2.173      7.427        -6831 
   Q29CB-HB3-HE22     31.949      2.173      6.754        -2299 
   Q29CB-HB3-F30H     31.949      2.173      8.993        -5105 
   F30CA-HA-Y19HA     61.178      4.787      4.797        64120 
    F30CA-HA-Y20H     61.178      4.787      9.158         1499 
    F30CA-HA-Q29H     61.178      4.787      9.381         -109 
   F30CA-HA-Q29HA     61.178      4.787      4.849        10087 
       F30CA-HA-H     61.178      4.787      8.993         3648 
      F30CA-HA-HA     61.178      4.787      4.787        64120 
     F30CA-HA-HB2     61.178      4.787      2.928         6153 
     F30CA-HA-HB3     61.178      4.787      3.399         9349 
     F30CA-HA-HD1     61.178      4.787      7.612         5433 
     F30CA-HA-HD2     61.178      4.787      7.612         5433 
    F30CA-HA-E31H     61.178      4.787      8.106         1997 
   F30CA-HA-E31HA     61.178      4.787      4.284          294 
      F30CB-HB2-H     39.879      2.928      8.993         7135 
     F30CB-HB2-HA     39.879      2.928      4.787         1660 
    F30CB-HB2-HB2     39.879      2.928      2.928       112207 
    F30CB-HB2-HB3     39.879      2.928      3.399        57231 
    F30CB-HB2-HD1     39.879      2.928      7.612         4622 
    F30CB-HB2-HD2     39.879      2.928      7.612         4622 
   F30CB-HB2-E31H     39.879      2.928      8.106         3352 
      F30CB-HB3-H     39.879      3.399      8.993         3732 
     F30CB-HB3-HA     39.879      3.399      4.787         2254 
    F30CB-HB3-HB2     39.879      3.399      2.928        66945 
    F30CB-HB3-HB3     39.879      3.399      3.399       123125 
    F30CB-HB3-HD1     39.879      3.399      7.612         4381 
    F30CB-HB3-HD2     39.879      3.399      7.612         4381 
   F30CB-HB3-E31H     39.879      3.399      8.106         2074 
    F30CD1-HD1-HA    131.952      7.612      4.787        -1153 
   F30CD1-HD1-HB2    131.952      7.612      2.928        -2724 
   F30CD1-HD1-HB3    131.952      7.612      3.399        -2028 
   F30CD1-HD1-HD1    131.952      7.612      7.612       -69955 
   F30CD1-HD1-HD2    131.952      7.612      7.612       -69955 
   F30CD1-HD1-HE1    131.952      7.612      7.232       -13179 
   F30CD1-HD1-HE2    131.952      7.612      7.232       -13179 
    F30CD1-HD1-HZ    131.952      7.612      7.171        -4474 
   F30CE1-HE1-HD1    131.607      7.232      7.612       -11990 
   F30CE1-HE1-HD2    131.607      7.232      7.612       -11990 
   F30CE1-HE1-HE1    131.607      7.232      7.232       -48833 
   F30CE1-HE1-HE2    131.607      7.232      7.232       -48833 
    F30CE1-HE1-HZ    131.607      7.232      7.171       -17191 
     F30CZ-HZ-HD1    130.138      7.171      7.612           44 
     F30CZ-HZ-HD2    130.138      7.171      7.612           44 
     F30CZ-HZ-HE1    130.138      7.171      7.232        -9324 
     F30CZ-HZ-HE2    130.138      7.171      7.232        -9324 
      F30CZ-HZ-HZ    130.138      7.171      7.171       -15563 
   E31CA-HA-F30HA     56.293      4.284      4.787          145 
       E31CA-HA-H     56.293      4.284      8.106         6666 
      E31CA-HA-HA     56.293      4.284      4.284       333358 
     E31CA-HA-HB2     56.293      4.284      1.863         9413 
     E31CA-HA-HB3     56.293      4.284      1.788        14706 
     E31CA-HA-HG2     56.293      4.284      2.291         2755 
     E31CA-HA-HG3     56.293      4.284      2.209         7565 
    E31CA-HA-R32H     56.293      4.284      8.631        31298 
   E31CA-HA-R32HA     56.293      4.284      2.707         1012 
  E31CA-HA-R32HB2     56.293      4.284      1.346         1557 
      E31CB-HB2-H     29.898      1.863      8.106        -5957 
     E31CB-HB2-HA     29.898      1.863      4.284        -7566 
    E31CB-HB2-HB2     29.898      1.863      1.863      -273799 
    E31CB-HB2-HB3     29.898      1.863      1.788      -182843 
    E31CB-HB2-HG2     29.898      1.863      2.291        -7011 
    E31CB-HB2-HG3     29.898      1.863      2.209        -8144 
   E31CB-HB2-R32H     29.898      1.863      8.631        -2810 
      E31CB-HB3-H     29.898      1.788      8.106        -7854 
     E31CB-HB3-HA     29.898      1.788      4.284        -8198 
    E31CB-HB3-HB2     29.898      1.788      1.863      -164081 
    E31CB-HB3-HB3     29.898      1.788      1.788      -140828 
    E31CB-HB3-HG2     29.898      1.788      2.291        -8768 
    E31CB-HB3-HG3     29.898      1.788      2.209        -7622 
   E31CB-HB3-R32H     29.898      1.788      8.631        -2065 
     E31CG-HG2-HA     36.508      2.291      4.284         3616 
    E31CG-HG2-HB2     36.508      2.291      1.863         6818 
    E31CG-HG2-HB3     36.508      2.291      1.788         8405 
    E31CG-HG2-HG2     36.508      2.291      2.291       279104 
    E31CG-HG2-HG3     36.508      2.291      2.209       241914 
      E31CG-HG3-H     36.508      2.209      8.106         1542 
     E31CG-HG3-HA     36.508      2.209      4.284         1796 
    E31CG-HG3-HB2     36.508      2.209      1.863         4895 
    E31CG-HG3-HB3     36.508      2.209      1.788         6081 
    E31CG-HG3-HG2     36.508      2.209      2.291       223315 
    E31CG-HG3-HG3     36.508      2.209      2.209       117253 
   R32CA-HA-E31HA     54.393      2.707      4.284          942 
       R32CA-HA-H     54.393      2.707      8.631         5864 
      R32CA-HA-HA     54.393      2.707      2.707       205488 
     R32CA-HA-HB2     54.393      2.707      1.346        11591 
     R32CA-HA-HB3     54.393      2.707      1.346        11591 
     R32CA-HA-HG2     54.393      2.707      1.140         4423 
     R32CA-HA-HG3     54.393      2.707      0.845         6965 
   R32CA-HA-P33HA     54.393      2.707      3.846          460 
  R32CA-HA-P33HB3     54.393      2.707      0.724         1777 
  R32CA-HA-P33HD2     54.393      2.707      2.155        19854 
  R32CA-HA-P33HD3     54.393      2.707      2.453        17686 
  R32CA-HA-P33HG2     54.393      2.707      0.450         1069 
  R32CA-HA-P33HG3     54.393      2.707     -0.157          850 
  R32CB-HB2-E31HA     30.048      1.346      4.284         -788 
      R32CB-HB2-H     30.048      1.346      8.631        -8191 
     R32CB-HB2-HA     30.048      1.346      2.707        -5153 
    R32CB-HB2-HB2     30.048      1.346      1.346      -128530 
    R32CB-HB2-HB3     30.048      1.346      1.346      -128530 
    R32CB-HB2-HG2     30.048      1.346      1.140       -17859 
    R32CB-HB2-HG3     30.048      1.346      0.845        -6204 
 R32CB-HB2-P33HD2     30.048      1.346      2.155         -962 
 R32CB-HB2-P33HD3     30.048      1.346      2.453         -211 
      R32CB-HB3-H     30.048      1.346      8.631        -8191 
     R32CB-HB3-HA     30.048      1.346      2.707        -5153 
    R32CB-HB3-HB2     30.048      1.346      1.346      -128530 
    R32CB-HB3-HB3     30.048      1.346      1.346      -128530 
    R32CB-HB3-HG2     30.048      1.346      1.140       -17859 
    R32CB-HB3-HG3     30.048      1.346      0.845        -6204 
 R32CB-HB3-P33HD2     30.048      1.346      2.155         -962 
      R32CG-HG2-H     27.235      1.140      8.631        -1294 
     R32CG-HG2-HA     27.235      1.140      2.707        -2861 
    R32CG-HG2-HB2     27.235      1.140      1.346       -23156 
    R32CG-HG2-HB3     27.235      1.140      1.346       -23156 
    R32CG-HG2-HG2     27.235      1.140      1.140       -98026 
    R32CG-HG2-HG3     27.235      1.140      0.845       -35412 
 R32CG-HG2-P33HD2     27.235      1.140      2.155        -2507 
      R32CG-HG3-H     27.235      0.845      8.631         -503 
     R32CG-HG3-HA     27.235      0.845      2.707        -4173 
    R32CG-HG3-HB2     27.235      0.845      1.346       -11998 
    R32CG-HG3-HB3     27.235      0.845      1.346       -11998 
    R32CG-HG3-HG2     27.235      0.845      1.140       -38165 
    R32CG-HG3-HG3     27.235      0.845      0.845      -102810 
 R32CG-HG3-P33HD2     27.235      0.845      2.155        -3619 
 P33CA-HA-Q29HE22     62.190      3.846      6.754         8305 
   P33CA-HA-R32HA     62.190      3.846      2.707          516 
      P33CA-HA-HA     62.190      3.846      3.846       398595 
     P33CA-HA-HB2     62.190      3.846      0.778        13394 
     P33CA-HA-HB3     62.190      3.846      0.724        18315 
     P33CA-HA-HD2     62.190      3.846      2.155         1616 
     P33CA-HA-HD3     62.190      3.846      2.453         2246 
     P33CA-HA-HG2     62.190      3.846      0.450         1757 
     P33CA-HA-HG3     62.190      3.846     -0.157         2391 
    P33CA-HA-S34H     62.190      3.846      8.243        37824 
  P33CB-HB2-P4HG3     31.457      0.778      1.617        -1724 
  P33CB-HB2-W7HE1     31.457      0.778     10.655         -784 
  P33CB-HB2-W7HZ2     31.457      0.778      7.411        -1375 
     P33CB-HB2-HA     31.457      0.778      3.846       -10286 
    P33CB-HB2-HB2     31.457      0.778      0.778      -147396 
    P33CB-HB2-HB3     31.457      0.778      0.724      -166419 
    P33CB-HB2-HD2     31.457      0.778      2.155        -1850 
    P33CB-HB2-HD3     31.457      0.778      2.453        -2269 
    P33CB-HB2-HG2     31.457      0.778      0.450        -7600 
    P33CB-HB2-HG3     31.457      0.778     -0.157        -6009 
   P33CB-HB2-S34H     31.457      0.778      8.243        -2061 
  P33CB-HB2-S34HA     31.457      0.778      4.254         -258 
  P33CB-HB3-W7HH2     31.457      0.724      6.971         -315 
  P33CB-HB3-W7HZ2     31.457      0.724      7.411        -1002 
P33CB-HB3-Q29HE21     31.457      0.724      7.427        -1162 
P33CB-HB3-Q29HE22     31.457      0.724      6.754        -1145 
  P33CB-HB3-R32HA     31.457      0.724      2.707          186 
     P33CB-HB3-HA     31.457      0.724      3.846        -7171 
    P33CB-HB3-HB2     31.457      0.724      0.778      -132997 
    P33CB-HB3-HB3     31.457      0.724      0.724      -153005 
    P33CB-HB3-HD2     31.457      0.724      2.155        -1565 
    P33CB-HB3-HD3     31.457      0.724      2.453        -1152 
    P33CB-HB3-HG2     31.457      0.724      0.450        -6423 
    P33CB-HB3-HG3     31.457      0.724     -0.157        -4992 
   P33CB-HB3-S34H     31.457      0.724      8.243        -1780 
  P33CD-HD2-P4HD2     50.131      2.155      2.979         1053 
   P33CD-HD2-R32H     50.131      2.155      8.631          435 
  P33CD-HD2-R32HA     50.131      2.155      2.707        19700 
 P33CD-HD2-R32HB2     50.131      2.155      1.346         1905 
 P33CD-HD2-R32HB3     50.131      2.155      1.346         1905 
 P33CD-HD2-R32HG2     50.131      2.155      1.140         3848 
 P33CD-HD2-R32HG3     50.131      2.155      0.845         5238 
     P33CD-HD2-HA     50.131      2.155      3.846          915 
    P33CD-HD2-HB2     50.131      2.155      0.778         4812 
    P33CD-HD2-HB3     50.131      2.155      0.724        10526 
    P33CD-HD2-HD2     50.131      2.155      2.155       161586 
    P33CD-HD2-HD3     50.131      2.155      2.453        63079 
    P33CD-HD2-HG2     50.131      2.155      0.450         8767 
    P33CD-HD2-HG3     50.131      2.155     -0.157         6107 
 P33CD-HD3-Y20HB2     50.131      2.453      2.624         2389 
   P33CD-HD3-R32H     50.131      2.453      8.631          534 
  P33CD-HD3-R32HA     50.131      2.453      2.707        19300 
 P33CD-HD3-R32HB2     50.131      2.453      1.346         1138 
     P33CD-HD3-HA     50.131      2.453      3.846         1309 
    P33CD-HD3-HB2     50.131      2.453      0.778         3002 
    P33CD-HD3-HB3     50.131      2.453      0.724         6323 
    P33CD-HD3-HD2     50.131      2.453      2.155        65491 
    P33CD-HD3-HD3     50.131      2.453      2.453       158577 
    P33CD-HD3-HG2     50.131      2.453      0.450         5501 
    P33CD-HD3-HG3     50.131      2.453     -0.157         9463 
  P33CG-HG2-P4HD2     25.752      0.450      2.979        -3325 
  P33CG-HG2-P4HD3     25.752      0.450      3.653        -1525 
  P33CG-HG2-P4HG2     25.752      0.450      1.744         -326 
  P33CG-HG2-P4HG3     25.752      0.450      1.617         -905 
  P33CG-HG2-R32HA     25.752      0.450      2.707         -608 
     P33CG-HG2-HA     25.752      0.450      3.846         -849 
    P33CG-HG2-HB2     25.752      0.450      0.778        -7414 
    P33CG-HG2-HB3     25.752      0.450      0.724       -11476 
    P33CG-HG2-HD2     25.752      0.450      2.155        -6600 
    P33CG-HG2-HD3     25.752      0.450      2.453        -3885 
    P33CG-HG2-HG2     25.752      0.450      0.450      -181867 
    P33CG-HG2-HG3     25.752      0.450     -0.157       -38911 
  P33CG-HG3-W7HZ3     25.752     -0.157      6.932         -549 
  P33CG-HG3-R32HA     25.752     -0.157      2.707         -795 
     P33CG-HG3-HA     25.752     -0.157      3.846        -1496 
    P33CG-HG3-HB2     25.752     -0.157      0.778        -7012 
    P33CG-HG3-HB3     25.752     -0.157      0.724       -10084 
    P33CG-HG3-HD2     25.752     -0.157      2.155        -5642 
    P33CG-HG3-HD3     25.752     -0.157      2.453        -8053 
    P33CG-HG3-HG2     25.752     -0.157      0.450       -49281 
    P33CG-HG3-HG3     25.752     -0.157     -0.157      -240455 
   S34CA-HA-P4HG3     57.990      4.254      1.617          877 
  S34CA-HA-P33HB2     57.990      4.254      0.778          545 
       S34CA-HA-H     57.990      4.254      8.243         8462 
      S34CA-HA-HA     57.990      4.254      4.254       696262 
     S34CA-HA-HB2     57.990      4.254      3.754        13053 
     S34CA-HA-HB3     57.990      4.254      3.674        16059 
    S34CA-HA-G35H     57.990      4.254      7.981        20340 
  S34CA-HA-G35HA3     57.990      4.254      3.707        11987 
      S34CB-HB2-H     64.589      3.754      8.243        -5503 
     S34CB-HB2-HA     64.589      3.754      4.254       -13054 
    S34CB-HB2-HB2     64.589      3.754      3.754      -434237 
    S34CB-HB2-HB3     64.589      3.754      3.674      -322384 
   S34CB-HB2-G35H     64.589      3.754      7.981        -2420 
      S34CB-HB3-H     64.589      3.674      8.243        -5352 
     S34CB-HB3-HA     64.589      3.674      4.254       -12734 
    S34CB-HB3-HB2     64.589      3.674      3.754      -266265 
    S34CB-HB3-HB3     64.589      3.674      3.674      -473719 
   S34CB-HB3-G35H     64.589      3.674      7.981        -2637 
      G35CA-HA2-H     46.203      3.734      7.981        10822 
    G35CA-HA2-HA2     46.203      3.734      3.734       666651 
    G35CA-HA2-HA3     46.203      3.734      3.707       771877 
  G35CA-HA3-S34HA     46.203      3.707      4.254          661 
      G35CA-HA3-H     46.203      3.707      7.981        10355 
    G35CA-HA3-HA2     46.203      3.707      3.734       710703 
    G35CA-HA3-HA3     46.203      3.707      3.707       486403 
