      Assignment         w1         w2         w3   Data Height 

       L3N-H-K2HA    125.143      8.696      4.355        36120 
      L3N-H-K2HB2    125.143      8.696      1.825        25482 
      L3N-H-K2HB3    125.143      8.696      1.759        22519 
          L3N-H-H    125.143      8.696      8.696       496328 
         L3N-H-HA    125.143      8.696      4.466         5926 
        L3N-H-HB2    125.143      8.696      1.791        27426 
        L3N-H-HB3    125.143      8.696      1.386         5574 
        L3N-H-HD1    125.143      8.696      0.740         3165 
        L3N-H-HD2    125.143      8.696      1.043         3602 
         L3N-H-HG    125.143      8.696      1.866        18527 
      L3N-H-P4HD2    125.143      8.696      2.979          640 
       G6N-H-P5HA    112.094      8.795      4.329        32622 
      G6N-H-P5HB2    112.094      8.795      2.324         3473 
      G6N-H-P5HB3    112.094      8.795      1.843         1873 
          G6N-H-H    112.094      8.795      8.795       226399 
        G6N-H-HA2    112.094      8.795      3.210        16399 
        G6N-H-HA3    112.094      8.795      4.008        10199 
        G6N-H-W7H    112.094      8.795      7.334         6632 
      W7N-H-P4HB2    117.765      7.334      1.969          323 
      W7N-H-P4HG2    117.765      7.334      1.744          346 
       W7N-H-P5HA    117.765      7.334      4.329         3966 
        W7N-H-G6H    117.765      7.334      8.795        11046 
      W7N-H-G6HA2    117.765      7.334      3.210        24407 
      W7N-H-G6HA3    117.765      7.334      4.008         4913 
          W7N-H-H    117.765      7.334      7.334       372474 
         W7N-H-HA    117.765      7.334      5.176         2933 
        W7N-H-HB2    117.765      7.334      3.212        24407 
        W7N-H-HB3    117.765      7.334      2.922         5992 
        W7N-H-HD1    117.765      7.334      6.928         5360 
        W7N-H-E8H    117.765      7.334      9.731         1291 
  W7NE1-HE1-P4HG2    130.091     10.655      1.744          812 
    W7NE1-HE1-HB2    130.091     10.655      3.212          687 
    W7NE1-HE1-HD1    130.091     10.655      6.928        14588 
    W7NE1-HE1-HE1    130.091     10.655     10.655       494959 
    W7NE1-HE1-HH2    130.091     10.655      6.971         5498 
    W7NE1-HE1-HZ2    130.091     10.655      7.411        11288 
 W7NE1-HE1-P33HB2    130.091     10.655      0.778         3371 
        E8N-H-W7H    121.053      9.731      7.334         3312 
       E8N-H-W7HA    121.053      9.731      5.176        10095 
      E8N-H-W7HB2    121.053      9.731      3.212         1764 
      E8N-H-W7HB3    121.053      9.731      2.922         5204 
      E8N-H-W7HE3    121.053      9.731      7.336         3232 
          E8N-H-H    121.053      9.731      9.731       176536 
         E8N-H-HA    121.053      9.731      4.813         1381 
        E8N-H-HB2    121.053      9.731      2.205         7048 
        E8N-H-HB3    121.053      9.731      2.205         7048 
        E8N-H-HG2    121.053      9.731      2.510         5208 
        E8N-H-HG3    121.053      9.731      2.314         1879 
        E8N-H-K9H    121.053      9.731      9.023          663 
       E8N-H-K9HA    121.053      9.731      4.316          883 
     E8N-H-Y20HB3    121.053      9.731      2.882         3126 
       E8N-H-F21H    121.053      9.731      9.357         5410 
      E8N-H-N22HA    121.053      9.731      4.349         2156 
      K9N-H-L3HD2    126.271      9.023      1.043         9198 
        K9N-H-E8H    126.271      9.023      9.731          500 
       K9N-H-E8HA    126.271      9.023      4.813        10859 
      K9N-H-E8HB2    126.271      9.023      2.205         6478 
      K9N-H-E8HB3    126.271      9.023      2.205         6478 
          K9N-H-H    126.271      9.023      9.023       334777 
         K9N-H-HA    126.271      9.023      4.316         5230 
        K9N-H-HB2    126.271      9.023      1.619        12544 
        K9N-H-HB3    126.271      9.023      1.771        18137 
        K9N-H-HG2    126.271      9.023      1.039         9198 
        K9N-H-HG3    126.271      9.023      0.967         1436 
       K9N-H-R10H    126.271      9.023      8.937        -9089 
       R10N-H-K9H    128.367      8.937      9.023        -3966 
      R10N-H-K9HA    128.367      8.937      4.316        26548 
     R10N-H-K9HB2    128.367      8.937      1.619         1786 
     R10N-H-K9HB3    128.367      8.937      1.771         1418 
     R10N-H-K9HG2    128.367      8.937      1.039         5506 
         R10N-H-H    128.367      8.937      8.937       212203 
        R10N-H-HA    128.367      8.937      4.431         4072 
       R10N-H-HB2    128.367      8.937      0.084         6836 
       R10N-H-HB3    128.367      8.937      1.307         2231 
       R10N-H-HG2    128.367      8.937      1.370         1835 
       R10N-H-HG3    128.367      8.937      1.216         2438 
      R10N-H-M11H    128.367      8.937      8.228          697 
      R10N-H-Y19H    128.367      8.937      8.715         2975 
     R10N-H-Y20HA    128.367      8.937      5.283         1535 
      M11N-H-R10H    117.847      8.228      8.937         1255 
     M11N-H-R10HA    117.847      8.228      4.431        24509 
    M11N-H-R10HB2    117.847      8.228      0.084         4545 
    M11N-H-R10HB3    117.847      8.228      1.307        16189 
    M11N-H-R10HG2    117.847      8.228      1.370         4205 
         M11N-H-H    117.847      8.228      8.228       398465 
        M11N-H-HA    117.847      8.228      4.960         1108 
       M11N-H-HB2    117.847      8.228      1.821        21122 
       M11N-H-HB3    117.847      8.228      1.821        21122 
       M11N-H-HG3    117.847      8.228      2.278         1327 
      M11N-H-S12H    117.847      8.228      8.982         1135 
      S12N-H-M11H    121.904      8.982      8.228          821 
     S12N-H-M11HA    121.904      8.982      4.960         5372 
    S12N-H-M11HB2    121.904      8.982      1.821         5470 
    S12N-H-M11HB3    121.904      8.982      1.821         5470 
    S12N-H-M11HG2    121.904      8.982      2.379         1978 
         S12N-H-H    121.904      8.982      8.982       201607 
        S12N-H-HA    121.904      8.982      4.647         2879 
       S12N-H-HB2    121.904      8.982      4.050         8491 
       S12N-H-HB3    121.904      8.982      4.113        10021 
      S12N-H-R13H    121.904      8.982      9.276          289 
     S12N-H-V18HA    121.904      8.982      4.557         2181 
      R13N-H-S12H    128.523      9.276      8.982           91 
     R13N-H-S12HA    128.523      9.276      4.647        10063 
    R13N-H-S12HB2    128.523      9.276      4.050         4757 
    R13N-H-S12HB3    128.523      9.276      4.113         5683 
         R13N-H-H    128.523      9.276      9.276        78192 
        R13N-H-HA    128.523      9.276      4.080         7124 
       R13N-H-HB2    128.523      9.276      1.847        18730 
       R13N-H-HB3    128.523      9.276      1.847        18730 
       R13N-H-HG2    128.523      9.276      1.665         4939 
       R13N-H-HG3    128.523      9.276      1.710         4248 
      R13N-H-N14H    128.523      9.276      8.606         1483 
      N14N-H-R13H    116.322      8.606      9.276         2296 
     N14N-H-R13HA    116.322      8.606      4.080         9721 
    N14N-H-R13HB2    116.322      8.606      1.847         7080 
    N14N-H-R13HB3    116.322      8.606      1.847         7080 
         N14N-H-H    116.322      8.606      8.606        74470 
        N14N-H-HA    116.322      8.606      4.583         7269 
       N14N-H-HB2    116.322      8.606      2.814        10999 
       N14N-H-HB3    116.322      8.606      2.814        10999 
      N14N-H-G16H    116.322      8.606      8.019         1264 
   N14ND2-HD21-HA    114.156      7.825      4.583          651 
  N14ND2-HD21-HB2    114.156      7.825      2.814        11675 
  N14ND2-HD21-HB3    114.156      7.825      2.814        11675 
 N14ND2-HD21-HD21    114.156      7.825      7.825       802696 
 N14ND2-HD21-HD22    114.156      7.825      7.026       145904 
  N14ND2-HD22-HB2    114.156      7.026      2.814         3702 
  N14ND2-HD22-HB3    114.156      7.026      2.814         3702 
 N14ND2-HD22-HD21    114.156      7.026      7.825       140117 
 N14ND2-HD22-HD22    114.156      7.026      7.026      1070313 
      G16N-H-N14H    111.905      8.019      8.606          516 
     G16N-H-N14HA    111.905      8.019      4.583          326 
     G16N-H-S15HA    111.905      8.019      4.509         3481 
    G16N-H-S15HB2    111.905      8.019      3.829          499 
    G16N-H-S15HB3    111.905      8.019      3.966         9634 
         G16N-H-H    111.905      8.019      8.019       287491 
       G16N-H-HA2    111.905      8.019      4.029        13428 
       G16N-H-HA3    111.905      8.019      3.930        21801 
      G16N-H-R17H    111.905      8.019      7.820         8293 
    G16N-H-R17HB2    111.905      8.019      1.723         1045 
    R17N-H-S15HB2    119.770      7.820      3.829         1009 
      R17N-H-G16H    119.770      7.820      8.019         7999 
    R17N-H-G16HA2    119.770      7.820      4.029         7623 
    R17N-H-G16HA3    119.770      7.820      3.930         5074 
         R17N-H-H    119.770      7.820      7.820       405597 
        R17N-H-HA    119.770      7.820      4.358        10469 
       R17N-H-HB2    119.770      7.820      1.723        25489 
       R17N-H-HB3    119.770      7.820      1.920        10517 
       R17N-H-HD3    119.770      7.820      2.827         1002 
      R17N-H-V18H    119.770      7.820      8.652         1741 
  R17NH2-HH21-HB2     69.934      6.357      1.723          151 
  R17NH2-HH21-HD2     69.934      6.357      2.982          -75 
  R17NH2-HH21-HD3     69.934      6.357      2.827           78 
   R17NH2-HH21-HE     69.934      6.357      6.946         -121 
 R17NH2-HH21-HH21     69.934      6.357      6.357        -1005 
 R17NH2-HH21-HH22     69.934      6.357      6.133        -1247 
   R17NH2-HH22-HE     69.934      6.133      6.946         -259 
 R17NH2-HH22-HH21     69.934      6.133      6.357        -2274 
 R17NH2-HH22-HH22     69.934      6.133      6.133        -2615 
      V18N-H-R17H    126.887      8.652      7.820          696 
     V18N-H-R17HA    126.887      8.652      4.358        37470 
    V18N-H-R17HB2    126.887      8.652      1.723         5362 
    V18N-H-R17HB3    126.887      8.652      1.920        24059 
         V18N-H-H    126.887      8.652      8.652       364471 
        V18N-H-HA    126.887      8.652      4.557         4001 
        V18N-H-HB    126.887      8.652      1.944        28811 
       V18N-H-HG1    126.887      8.652      0.752         5042 
       V18N-H-HG2    126.887      8.652      1.030        18868 
      V18N-H-Y19H    126.887      8.652      8.715        -7862 
      Y19N-H-R10H    123.244      8.715      8.937         7083 
     Y19N-H-M11HA    123.244      8.715      4.960          742 
      Y19N-H-V18H    123.244      8.715      8.652       -11399 
     Y19N-H-V18HA    123.244      8.715      4.557        31308 
     Y19N-H-V18HB    123.244      8.715      1.944         5508 
    Y19N-H-V18HG1    123.244      8.715      0.752        19843 
    Y19N-H-V18HG2    123.244      8.715      1.030         5900 
         Y19N-H-H    123.244      8.715      8.715       358699 
        Y19N-H-HA    123.244      8.715      4.797         2136 
       Y19N-H-HB2    123.244      8.715      2.558          888 
       Y19N-H-HB3    123.244      8.715      2.872         2241 
       Y19N-H-HD1    123.244      8.715      6.929         4380 
       Y19N-H-HD2    123.244      8.715      6.929         4380 
      Y19N-H-Y20H    123.244      8.715      9.158          516 
     Y19N-H-Y20HA    123.244      8.715      5.283          172 
      Y20N-H-Y19H    117.336      9.158      8.715          669 
     Y20N-H-Y19HA    117.336      9.158      4.797         4301 
    Y20N-H-Y19HB2    117.336      9.158      2.558        12864 
    Y20N-H-Y19HB3    117.336      9.158      2.872         5888 
         Y20N-H-H    117.336      9.158      9.158       143975 
        Y20N-H-HA    117.336      9.158      5.283         1798 
       Y20N-H-HB2    117.336      9.158      2.624         8069 
       Y20N-H-HB3    117.336      9.158      2.882         5888 
      Y20N-H-F21H    117.336      9.158      9.357         3206 
      Y20N-H-Q29H    117.336      9.158      9.381         5476 
     Y20N-H-F30HA    117.336      9.158      4.787         4301 
     F21N-H-W7HE3    124.521      9.357      7.336         2964 
       F21N-H-E8H    124.521      9.357      9.731         5570 
      F21N-H-K9HA    124.521      9.357      4.316         1374 
      F21N-H-Y20H    124.521      9.357      9.158         -714 
     F21N-H-Y20HA    124.521      9.357      5.283        12368 
    F21N-H-Y20HB2    124.521      9.357      2.624         1216 
    F21N-H-Y20HB3    124.521      9.357      2.882         6207 
         F21N-H-H    124.521      9.357      9.357       170953 
        F21N-H-HA    124.521      9.357      5.648         3014 
       F21N-H-HB2    124.521      9.357      2.918         7163 
       F21N-H-HB3    124.521      9.357      2.531        10109 
      F21N-H-N22H    124.521      9.357      8.229          432 
     F21N-H-N22HA    124.521      9.357      4.349          760 
     N22N-H-W7HE3    129.608      8.229      7.336          665 
     N22N-H-W7HZ3    129.608      8.229      6.932         3064 
      N22N-H-F21H    129.608      8.229      9.357          750 
     N22N-H-F21HA    129.608      8.229      5.648        20531 
    N22N-H-F21HB2    129.608      8.229      2.918         1544 
    N22N-H-F21HB3    129.608      8.229      2.531          808 
         N22N-H-H    129.608      8.229      8.229       201143 
        N22N-H-HA    129.608      8.229      4.349         3796 
       N22N-H-HB2    129.608      8.229     -0.763         7237 
       N22N-H-HB3    129.608      8.229      1.953         9610 
      N22N-H-H23H    129.608      8.229      8.156         -969 
     N22N-H-S28HA    129.608      8.229      6.063         2194 
   N22ND2-HD21-HA    110.126      4.123      4.349         -380 
  N22ND2-HD21-HB2    110.126      4.123     -0.763          -84 
  N22ND2-HD21-HB3    110.126      4.123      1.953          266 
 N22ND2-HD21-HD21    110.126      4.123      4.123          -75 
 N22ND2-HD21-HD22    110.126      4.123      6.600          -59 
 N22ND2-HD21-I24H    110.126      4.123      8.368         -435 
N22ND2-HD21-I24HB    110.126      4.123      1.959          150 
 N22ND2-HD21-T25H    110.126      4.123      7.304           45 
   N22ND2-HD22-HA    110.126      6.600      4.349          843 
  N22ND2-HD22-HB2    110.126      6.600     -0.763         4283 
  N22ND2-HD22-HB3    110.126      6.600      1.953         3353 
 N22ND2-HD22-HD21    110.126      6.600      4.123        87781 
 N22ND2-HD22-HD22    110.126      6.600      6.600       209031 
 N22ND2-HD22-I24H    110.126      6.600      8.368          382 
N22ND2-HD22-I24HB    110.126      6.600      1.959         3117 
N22ND2-HD22-I24HD1    110.126      6.600      0.692         1702 
N22ND2-HD22-I24HG13    110.126      6.600      1.208          775 
N22ND2-HD22-I24HG2    110.126      6.600      0.734         1181 
 N22ND2-HD22-T25H    110.126      6.600      7.304         1048 
      H23N-H-W7HA    120.552      8.156      5.176         1380 
      H23N-H-N22H    120.552      8.156      8.229       -14047 
     H23N-H-N22HA    120.552      8.156      4.349        28027 
    H23N-H-N22HB2    120.552      8.156     -0.763         1619 
    H23N-H-N22HB3    120.552      8.156      1.953         1797 
         H23N-H-H    120.552      8.156      8.156       345128 
        H23N-H-HA    120.552      8.156      4.114         8586 
       H23N-H-HB2    120.552      8.156      3.115         8937 
       H23N-H-HB3    120.552      8.156      3.367        10837 
      H23N-H-I24H    120.552      8.156      8.368        14317 
   H23N-H-I24HG13    120.552      8.156      1.208         1663 
      H23N-H-T25H    120.552      8.156      7.304         2072 
     I24N-H-N22HA    122.265      8.368      4.349         1186 
    I24N-H-N22HB2    122.265      8.368     -0.763          519 
    I24N-H-N22HB3    122.265      8.368      1.953        22237 
   I24N-H-N22HD21    122.265      8.368      4.123         2902 
   I24N-H-N22HD22    122.265      8.368      6.600          729 
      I24N-H-H23H    122.265      8.368      8.156         6554 
     I24N-H-H23HA    122.265      8.368      4.114         3310 
    I24N-H-H23HB2    122.265      8.368      3.115         1021 
    I24N-H-H23HB3    122.265      8.368      3.367         1552 
         I24N-H-H    122.265      8.368      8.368       324442 
        I24N-H-HA    122.265      8.368      3.804         8223 
        I24N-H-HB    122.265      8.368      1.959        21878 
       I24N-H-HD1    122.265      8.368      0.692         5611 
      I24N-H-HG12    122.265      8.368      0.912         8644 
      I24N-H-HG13    122.265      8.368      1.208        13721 
       I24N-H-HG2    122.265      8.368      0.734         5075 
      I24N-H-T25H    122.265      8.368      7.304        22672 
    I24N-H-T25HG2    122.265      8.368      0.899         8644 
    T25N-H-N22HB2    108.150      7.304     -0.763          784 
    T25N-H-N22HB3    108.150      7.304      1.953        18052 
   T25N-H-N22HD21    108.150      7.304      4.123         1600 
   T25N-H-N22HD22    108.150      7.304      6.600          839 
      T25N-H-H23H    108.150      7.304      8.156          414 
      T25N-H-I24H    108.150      7.304      8.368        19669 
     T25N-H-I24HA    108.150      7.304      3.804         2615 
     T25N-H-I24HB    108.150      7.304      1.959        17711 
    T25N-H-I24HD1    108.150      7.304      0.692         3881 
   T25N-H-I24HG13    108.150      7.304      1.208         1955 
    T25N-H-I24HG2    108.150      7.304      0.734         5451 
         T25N-H-H    108.150      7.304      7.304       274973 
        T25N-H-HA    108.150      7.304      4.058         8320 
        T25N-H-HB    108.150      7.304      4.201         1858 
       T25N-H-HG1    108.150      7.304      5.104         1193 
       T25N-H-HG2    108.150      7.304      0.899        18478 
      T25N-H-N26H    108.150      7.304      8.043        19451 
      N26N-H-T25H    118.273      8.043      7.304        27072 
     N26N-H-T25HA    118.273      8.043      4.058        12121 
     N26N-H-T25HB    118.273      8.043      4.201          507 
    N26N-H-T25HG2    118.273      8.043      0.899         2388 
         N26N-H-H    118.273      8.043      8.043       328185 
        N26N-H-HA    118.273      8.043      4.102        45048 
       N26N-H-HB2    118.273      8.043      3.097         3088 
       N26N-H-HB3    118.273      8.043      2.897         4203 
      N26N-H-HD21    118.273      8.043      7.503          690 
      N26N-H-A27H    118.273      8.043      7.120        13401 
     N26N-H-A27HB    118.273      8.043      1.221         1966 
    N26ND2-HD21-H    113.682      7.503      8.043          593 
   N26ND2-HD21-HA    113.682      7.503      4.102          956 
  N26ND2-HD21-HB2    113.682      7.503      3.097         5651 
  N26ND2-HD21-HB3    113.682      7.503      2.897        15101 
 N26ND2-HD21-HD21    113.682      7.503      7.503       975961 
 N26ND2-HD21-HD22    113.682      7.503      6.885       219300 
 N26ND2-HD21-A27H    113.682      7.503      7.120        -1575 
  N26ND2-HD22-HB2    113.682      6.885      3.097         1501 
  N26ND2-HD22-HB3    113.682      6.885      2.897         2635 
 N26ND2-HD22-HD21    113.682      6.885      7.503       170459 
 N26ND2-HD22-HD22    113.682      6.885      6.885       689876 
     A27N-H-T25HA    122.285      7.120      4.058         2233 
     A27N-H-T25HB    122.285      7.120      4.201         2824 
    A27N-H-T25HG1    122.285      7.120      5.104         2968 
    A27N-H-T25HG2    122.285      7.120      0.899         2058 
      A27N-H-N26H    122.285      7.120      8.043        11733 
     A27N-H-N26HA    122.285      7.120      4.102         7314 
    A27N-H-N26HB2    122.285      7.120      3.097         1389 
    A27N-H-N26HB3    122.285      7.120      2.897         1610 
   A27N-H-N26HD21    122.285      7.120      7.503          -63 
         A27N-H-H    122.285      7.120      7.120       414558 
        A27N-H-HA    122.285      7.120      4.392        20380 
        A27N-H-HB    122.285      7.120      1.221        30962 
      A27N-H-S28H    122.285      7.120      8.395         2847 
      S28N-H-A27H    112.605      8.395      7.120         1118 
     S28N-H-A27HA    112.605      8.395      4.392        40155 
     S28N-H-A27HB    112.605      8.395      1.221        17484 
         S28N-H-H    112.605      8.395      8.395       483854 
        S28N-H-HA    112.605      8.395      6.063         5706 
       S28N-H-HB2    112.605      8.395      3.870         3719 
       S28N-H-HB3    112.605      8.395      3.777         7952 
      S28N-H-Q29H    112.605      8.395      9.381          933 
     Q29N-H-W7HZ3    117.286      9.381      6.932         4012 
      Q29N-H-Y20H    117.286      9.381      9.158         3131 
    Q29N-H-Y20HB2    117.286      9.381      2.624         2052 
      Q29N-H-S28H    117.286      9.381      8.395          778 
     Q29N-H-S28HA    117.286      9.381      6.063        19541 
    Q29N-H-S28HB2    117.286      9.381      3.870         4191 
    Q29N-H-S28HB3    117.286      9.381      3.777         4122 
         Q29N-H-H    117.286      9.381      9.381       246022 
        Q29N-H-HA    117.286      9.381      4.849         1358 
       Q29N-H-HB2    117.286      9.381      2.527         5699 
       Q29N-H-HB3    117.286      9.381      2.173         9093 
      Q29N-H-F30H    117.286      9.381      8.993          648 
     Q29N-H-F30HA    117.286      9.381      4.787          324 
  Q29NE2-HE21-HB2    113.492      7.427      2.527        16827 
  Q29NE2-HE21-HB3    113.492      7.427      2.173         7202 
 Q29NE2-HE21-HE21    113.492      7.427      7.427       230148 
 Q29NE2-HE21-HE22    113.492      7.427      6.754       101960 
Q29NE2-HE21-P33HB3    113.492      7.427      0.724         2423 
  Q29NE2-HE22-HB2    113.492      6.754      2.527         6702 
  Q29NE2-HE22-HB3    113.492      6.754      2.173         3695 
 Q29NE2-HE22-HE21    113.492      6.754      7.427       119281 
 Q29NE2-HE22-HE22    113.492      6.754      6.754       269982 
Q29NE2-HE22-P33HA    113.492      6.754      3.846         9940 
Q29NE2-HE22-P33HB3    113.492      6.754      0.724         3634 
      F30N-H-Q29H    119.431      8.993      9.381          749 
     F30N-H-Q29HA    119.431      8.993      4.849         5248 
    F30N-H-Q29HB2    119.431      8.993      2.527         4372 
    F30N-H-Q29HB3    119.431      8.993      2.173         9938 
         F30N-H-H    119.431      8.993      8.993       250157 
        F30N-H-HA    119.431      8.993      4.787         1837 
       F30N-H-HB2    119.431      8.993      2.928        13269 
       F30N-H-HB3    119.431      8.993      3.399         3977 
      F30N-H-E31H    119.431      8.993      8.106        16438 
     E31N-H-Q29HA    119.112      8.106      4.849          303 
      E31N-H-F30H    119.112      8.106      8.993        13507 
     E31N-H-F30HA    119.112      8.106      4.787          970 
    E31N-H-F30HB2    119.112      8.106      2.928         5411 
    E31N-H-F30HB3    119.112      8.106      3.399         2223 
         E31N-H-H    119.112      8.106      8.106       405927 
        E31N-H-HA    119.112      8.106      4.284         8679 
       E31N-H-HB2    119.112      8.106      1.863        17736 
       E31N-H-HB3    119.112      8.106      1.788         8473 
       E31N-H-HG3    119.112      8.106      2.209         8327 
      E31N-H-R32H    119.112      8.106      8.631         1068 
      R32N-H-E31H    126.536      8.631      8.106          951 
     R32N-H-E31HA    126.536      8.631      4.284        48128 
    R32N-H-E31HB2    126.536      8.631      1.863         3744 
    R32N-H-E31HB3    126.536      8.631      1.788         7549 
         R32N-H-H    126.536      8.631      8.631       516589 
        R32N-H-HA    126.536      8.631      2.707        10728 
       R32N-H-HB2    126.536      8.631      1.346        34958 
       R32N-H-HB3    126.536      8.631      1.346        34958 
       R32N-H-HG2    126.536      8.631      1.140         4224 
       R32N-H-HG3    126.536      8.631      0.845         2377 
    R32N-H-P33HD2    126.536      8.631      2.155         1123 
    R32N-H-P33HD3    126.536      8.631      2.453         1124 
     S34N-H-P33HA    116.029      8.243      3.846        46389 
    S34N-H-P33HB2    116.029      8.243      0.778         5113 
    S34N-H-P33HB3    116.029      8.243      0.724         4644 
         S34N-H-H    116.029      8.243      8.243       519093 
        S34N-H-HA    116.029      8.243      4.254        11246 
       S34N-H-HB2    116.029      8.243      3.754         7576 
       S34N-H-HB3    116.029      8.243      3.674         7509 
      S34N-H-G35H    116.029      8.243      7.981         7523 
      G35N-H-S34H    117.079      7.981      8.243         6752 
     G35N-H-S34HA    117.079      7.981      4.254        22336 
    G35N-H-S34HB2    117.079      7.981      3.754        17386 
    G35N-H-S34HB3    117.079      7.981      3.674        10402 
         G35N-H-H    117.079      7.981      7.981       796100 
       G35N-H-HA2    117.079      7.981      3.734        21610 
       G35N-H-HA3    117.079      7.981      3.707        18208 
